-1.00000000 0.00000000 0.00000000 0.00000000 1.00000000 0.00000000 0.00000000 0.00000000 -1.00000000 11.00000000 0.00000000 0.00000000
-0.99992073 -0.01259122 0.00000000 -0.01259122 0.99992073 0.00000000 0.00000000 0.00000000 -1.00000000 10.99912800 0.13850343 0.00000000
-0.99968292 -0.02518045 0.00000000 -0.02518045 0.99968292 0.00000000 0.00000000 0.00000000 -1.00000000 10.99651215 0.27698490 0.00000000
-0.99928662 -0.03776568 0.00000000 -0.03776568 0.99928662 0.00000000 0.00000000 0.00000000 -1.00000000 10.99215285 0.41542246 0.00000000
-0.99873189 -0.05034492 0.00000000 -0.05034492 0.99873189 0.00000000 0.00000000 0.00000000 -1.00000000 10.98605079 0.55379415 0.00000000
-0.99801881 -0.06291619 0.00000000 -0.06291619 0.99801881 0.00000000 0.00000000 0.00000000 -1.00000000 10.97820696 0.69207805 0.00000000
-0.99714751 -0.07547747 0.00000000 -0.07547747 0.99714751 0.00000000 0.00000000 0.00000000 -1.00000000 10.96862258 0.83025221 0.00000000
-0.99611811 -0.08802680 0.00000000 -0.08802680 0.99611811 0.00000000 0.00000000 0.00000000 -1.00000000 10.95729918 0.96829475 0.00000000
-0.99493078 -0.10056216 0.00000000 -0.10056216 0.99493078 0.00000000 0.00000000 0.00000000 -1.00000000 10.94423855 1.10618377 0.00000000
-0.99358571 -0.11308158 0.00000000 -0.11308158 0.99358571 0.00000000 0.00000000 0.00000000 -1.00000000 10.92944277 1.24389740 0.00000000
-0.99208311 -0.12558307 0.00000000 -0.12558307 0.99208311 0.00000000 0.00000000 0.00000000 -1.00000000 10.91291418 1.38141382 0.00000000
-0.99042322 -0.13806466 0.00000000 -0.13806466 0.99042322 0.00000000 0.00000000 0.00000000 -1.00000000 10.89465540 1.51871123 0.00000000
-0.98860630 -0.15052435 0.00000000 -0.15052435 0.98860630 0.00000000 0.00000000 0.00000000 -1.00000000 10.87466932 1.65576785 0.00000000
-0.98663265 -0.16296018 0.00000000 -0.16296018 0.98663265 0.00000000 0.00000000 0.00000000 -1.00000000 10.85295912 1.79256196 0.00000000
-0.98450257 -0.17537017 0.00000000 -0.17537017 0.98450257 0.00000000 0.00000000 0.00000000 -1.00000000 10.82952823 1.92907186 0.00000000
-0.98221640 -0.18775236 0.00000000 -0.18775236 0.98221640 0.00000000 0.00000000 0.00000000 -1.00000000 10.80438038 2.06527593 0.00000000
-0.97977450 -0.20010478 0.00000000 -0.20010478 0.97977450 0.00000000 0.00000000 0.00000000 -1.00000000 10.77751954 2.20115255 0.00000000
-0.97717727 -0.21242547 0.00000000 -0.21242547 0.97717727 0.00000000 0.00000000 0.00000000 -1.00000000 10.74894998 2.33668019 0.00000000
-0.97442511 -0.22471249 0.00000000 -0.22471249 0.97442511 0.00000000 0.00000000 0.00000000 -1.00000000 10.71867623 2.47183736 0.00000000
-0.97151846 -0.23696388 0.00000000 -0.23696388 0.97151846 0.00000000 0.00000000 0.00000000 -1.00000000 10.68670308 2.60660263 0.00000000
-0.96845778 -0.24917769 0.00000000 -0.24917769 0.96845778 0.00000000 0.00000000 0.00000000 -1.00000000 10.65303561 2.74095464 0.00000000
-0.96524356 -0.26135201 0.00000000 -0.26135201 0.96524356 0.00000000 0.00000000 0.00000000 -1.00000000 10.61767915 2.87487208 0.00000000
-0.96187630 -0.27348488 0.00000000 -0.27348488 0.96187630 0.00000000 0.00000000 0.00000000 -1.00000000 10.58063931 3.00833373 0.00000000
-0.95835654 -0.28557440 0.00000000 -0.28557440 0.95835654 0.00000000 0.00000000 0.00000000 -1.00000000 10.54192196 3.14131842 0.00000000
-0.95468484 -0.29761864 0.00000000 -0.29761864 0.95468484 0.00000000 0.00000000 0.00000000 -1.00000000 10.50153324 3.27380506 0.00000000
-0.95086178 -0.30961570 0.00000000 -0.30961570 0.95086178 0.00000000 0.00000000 0.00000000 -1.00000000 10.45947955 3.40577267 0.00000000
-0.94688796 -0.32156366 0.00000000 -0.32156366 0.94688796 0.00000000 0.00000000 0.00000000 -1.00000000 10.41576757 3.53720030 0.00000000
-0.94276402 -0.33346065 0.00000000 -0.33346065 0.94276402 0.00000000 0.00000000 0.00000000 -1.00000000 10.37040421 3.66806713 0.00000000
-0.93849061 -0.34530476 0.00000000 -0.34530476 0.93849061 0.00000000 0.00000000 0.00000000 -1.00000000 10.32339668 3.79835240 0.00000000
-0.93406840 -0.35709413 0.00000000 -0.35709413 0.93406840 0.00000000 0.00000000 0.00000000 -1.00000000 10.27475242 3.92803547 0.00000000
-0.92949810 -0.36882689 0.00000000 -0.36882689 0.92949810 0.00000000 0.00000000 0.00000000 -1.00000000 10.22447915 4.05709576 0.00000000
-0.92478044 -0.38050117 0.00000000 -0.38050117 0.92478044 0.00000000 0.00000000 0.00000000 -1.00000000 10.17258484 4.18551282 0.00000000
-0.91991616 -0.39211512 0.00000000 -0.39211512 0.91991616 0.00000000 0.00000000 0.00000000 -1.00000000 10.11907772 4.31326629 0.00000000
-0.91490602 -0.40366690 0.00000000 -0.40366690 0.91490602 0.00000000 0.00000000 0.00000000 -1.00000000 10.06396627 4.44033591 0.00000000
-0.90975084 -0.41515469 0.00000000 -0.41515469 0.90975084 0.00000000 0.00000000 0.00000000 -1.00000000 10.00725922 4.56670154 0.00000000
-0.90445142 -0.42657665 0.00000000 -0.42657665 0.90445142 0.00000000 0.00000000 0.00000000 -1.00000000 9.94896557 4.69234313 0.00000000
-0.89900860 -0.43793098 0.00000000 -0.43793098 0.89900860 0.00000000 0.00000000 0.00000000 -1.00000000 9.88909456 4.81724078 0.00000000
-0.89342324 -0.44921588 0.00000000 -0.44921588 0.89342324 0.00000000 0.00000000 0.00000000 -1.00000000 9.82765568 4.94137468 0.00000000
-0.88769624 -0.46042956 0.00000000 -0.46042956 0.88769624 0.00000000 0.00000000 0.00000000 -1.00000000 9.76465868 5.06472515 0.00000000
-0.88182850 -0.47157024 0.00000000 -0.47157024 0.88182850 0.00000000 0.00000000 0.00000000 -1.00000000 9.70011354 5.18727264 0.00000000
-0.87582095 -0.48263615 0.00000000 -0.48263615 0.87582095 0.00000000 0.00000000 0.00000000 -1.00000000 9.63403049 5.30899770 0.00000000
-0.86967455 -0.49362555 0.00000000 -0.49362555 0.86967455 0.00000000 0.00000000 0.00000000 -1.00000000 9.56642001 5.42988105 0.00000000
-0.86339026 -0.50453668 0.00000000 -0.50453668 0.86339026 0.00000000 0.00000000 0.00000000 -1.00000000 9.49729282 5.54990352 0.00000000
-0.85696908 -0.51536782 0.00000000 -0.51536782 0.85696908 0.00000000 0.00000000 0.00000000 -1.00000000 9.42665989 5.66904607 0.00000000
-0.85041204 -0.52611726 0.00000000 -0.52611726 0.85041204 0.00000000 0.00000000 0.00000000 -1.00000000 9.35453240 5.78728983 0.00000000
-0.84372016 -0.53678328 0.00000000 -0.53678328 0.84372016 0.00000000 0.00000000 0.00000000 -1.00000000 9.28092180 5.90461604 0.00000000
-0.83689452 -0.54736419 0.00000000 -0.54736419 0.83689452 0.00000000 0.00000000 0.00000000 -1.00000000 9.20583975 6.02100611 0.00000000
-0.82993620 -0.55785832 0.00000000 -0.55785832 0.82993620 0.00000000 0.00000000 0.00000000 -1.00000000 9.12929816 6.13644157 0.00000000
-0.82284629 -0.56826401 0.00000000 -0.56826401 0.82284629 0.00000000 0.00000000 0.00000000 -1.00000000 9.05130916 6.25090413 0.00000000
-0.81562592 -0.57857960 0.00000000 -0.57857960 0.81562592 0.00000000 0.00000000 0.00000000 -1.00000000 8.97188513 6.36437564 0.00000000
-0.80827624 -0.58880346 0.00000000 -0.58880346 0.80827624 0.00000000 0.00000000 0.00000000 -1.00000000 8.89103864 6.47683811 0.00000000
-0.80079841 -0.59893397 0.00000000 -0.59893397 0.80079841 0.00000000 0.00000000 0.00000000 -1.00000000 8.80878253 6.58827370 0.00000000
-0.79319362 -0.60896952 0.00000000 -0.60896952 0.79319362 0.00000000 0.00000000 0.00000000 -1.00000000 8.72512982 6.69866476 0.00000000
-0.78546307 -0.61890853 0.00000000 -0.61890853 0.78546307 0.00000000 0.00000000 0.00000000 -1.00000000 8.64009379 6.80799378 0.00000000
-0.77760799 -0.62874940 0.00000000 -0.62874940 0.77760799 0.00000000 0.00000000 0.00000000 -1.00000000 8.55368791 6.91624342 0.00000000
-0.76962963 -0.63849059 0.00000000 -0.63849059 0.76962963 0.00000000 0.00000000 0.00000000 -1.00000000 8.46592589 7.02339653 0.00000000
-0.76152924 -0.64813056 0.00000000 -0.64813056 0.76152924 0.00000000 0.00000000 0.00000000 -1.00000000 8.37682164 7.12943611 0.00000000
-0.75330812 -0.65766776 0.00000000 -0.65766776 0.75330812 0.00000000 0.00000000 0.00000000 -1.00000000 8.28638928 7.23434535 0.00000000
-0.74496756 -0.66710069 0.00000000 -0.66710069 0.74496756 0.00000000 0.00000000 0.00000000 -1.00000000 8.19464316 7.33810763 0.00000000
-0.73650889 -0.67642786 0.00000000 -0.67642786 0.73650889 0.00000000 0.00000000 0.00000000 -1.00000000 8.10159781 7.44070648 0.00000000
-0.72793345 -0.68564779 0.00000000 -0.68564779 0.72793345 0.00000000 0.00000000 0.00000000 -1.00000000 8.00726800 7.54212564 0.00000000
-0.71924261 -0.69475900 0.00000000 -0.69475900 0.71924261 0.00000000 0.00000000 0.00000000 -1.00000000 7.91166867 7.64234904 0.00000000
-0.71043773 -0.70376007 0.00000000 -0.70376007 0.71043773 0.00000000 0.00000000 0.00000000 -1.00000000 7.81481499 7.74136078 0.00000000
-0.70152021 -0.71264956 0.00000000 -0.71264956 0.70152021 0.00000000 0.00000000 0.00000000 -1.00000000 7.71672230 7.83914517 0.00000000
-0.69249147 -0.72142606 0.00000000 -0.72142606 0.69249147 0.00000000 0.00000000 0.00000000 -1.00000000 7.61740617 7.93568669 0.00000000
-0.68335294 -0.73008819 0.00000000 -0.73008819 0.68335294 0.00000000 0.00000000 0.00000000 -1.00000000 7.51688233 8.03097006 0.00000000
-0.67410607 -0.73863456 0.00000000 -0.73863456 0.67410607 0.00000000 0.00000000 0.00000000 -1.00000000 7.41516673 8.12498015 0.00000000
-0.66475232 -0.74706382 0.00000000 -0.74706382 0.66475232 0.00000000 0.00000000 0.00000000 -1.00000000 7.31227549 8.21770206 0.00000000
-0.65529317 -0.75537465 0.00000000 -0.75537465 0.65529317 0.00000000 0.00000000 0.00000000 -1.00000000 7.20822492 8.30912110 0.00000000
-0.64573014 -0.76356571 0.00000000 -0.76356571 0.64573014 0.00000000 0.00000000 0.00000000 -1.00000000 7.10303153 8.39922277 0.00000000
-0.63606473 -0.77163571 0.00000000 -0.77163571 0.63606473 0.00000000 0.00000000 0.00000000 -1.00000000 6.99671198 8.48799278 0.00000000
-0.62629847 -0.77958337 0.00000000 -0.77958337 0.62629847 0.00000000 0.00000000 0.00000000 -1.00000000 6.88928314 8.57541706 0.00000000
-0.61643291 -0.78740743 0.00000000 -0.78740743 0.61643291 0.00000000 0.00000000 0.00000000 -1.00000000 6.78076204 8.66148175 0.00000000
-0.60646963 -0.79510666 0.00000000 -0.79510666 0.60646963 0.00000000 0.00000000 0.00000000 -1.00000000 6.67116588 8.74617321 0.00000000
-0.59641019 -0.80267982 0.00000000 -0.80267982 0.59641019 0.00000000 0.00000000 0.00000000 -1.00000000 6.56051204 8.82947800 0.00000000
-0.58625619 -0.81012572 0.00000000 -0.81012572 0.58625619 0.00000000 0.00000000 0.00000000 -1.00000000 6.44881806 8.91138292 0.00000000
-0.57600924 -0.81744318 0.00000000 -0.81744318 0.57600924 0.00000000 0.00000000 0.00000000 -1.00000000 6.33610166 8.99187499 0.00000000
-0.56567097 -0.82463104 0.00000000 -0.82463104 0.56567097 0.00000000 0.00000000 0.00000000 -1.00000000 6.22238069 9.07094143 0.00000000
-0.55524302 -0.83168816 0.00000000 -0.83168816 0.55524302 0.00000000 0.00000000 0.00000000 -1.00000000 6.10767320 9.14856973 0.00000000
-0.54472703 -0.83861341 0.00000000 -0.83861341 0.54472703 0.00000000 0.00000000 0.00000000 -1.00000000 5.99199737 9.22474756 0.00000000
-0.53412468 -0.84540571 0.00000000 -0.84540571 0.53412468 0.00000000 0.00000000 0.00000000 -1.00000000 5.87537153 9.29946285 0.00000000
-0.52343765 -0.85206398 0.00000000 -0.85206398 0.52343765 0.00000000 0.00000000 0.00000000 -1.00000000 5.75781418 9.37270376 0.00000000
-0.51266763 -0.85858715 0.00000000 -0.85858715 0.51266763 0.00000000 0.00000000 0.00000000 -1.00000000 5.63934396 9.44445868 0.00000000
-0.50181633 -0.86497420 0.00000000 -0.86497420 0.50181633 0.00000000 0.00000000 0.00000000 -1.00000000 5.51997965 9.51471622 0.00000000
-0.49088547 -0.87122411 0.00000000 -0.87122411 0.49088547 0.00000000 0.00000000 0.00000000 -1.00000000 5.39974017 9.58346524 0.00000000
-0.47987678 -0.87733590 0.00000000 -0.87733590 0.47987678 0.00000000 0.00000000 0.00000000 -1.00000000 5.27864459 9.65069486 0.00000000
-0.46879201 -0.88330858 0.00000000 -0.88330858 0.46879201 0.00000000 0.00000000 0.00000000 -1.00000000 5.15671211 9.71639440 0.00000000
-0.45763291 -0.88914122 0.00000000 -0.88914122 0.45763291 0.00000000 0.00000000 0.00000000 -1.00000000 5.03396205 9.78055346 0.00000000
-0.44640126 -0.89483290 0.00000000 -0.89483290 0.44640126 0.00000000 0.00000000 0.00000000 -1.00000000 4.91041389 9.84316186 0.00000000
-0.43509884 -0.90038270 0.00000000 -0.90038270 0.43509884 0.00000000 0.00000000 0.00000000 -1.00000000 4.78608720 9.90420968 0.00000000
-0.42372743 -0.90578975 0.00000000 -0.90578975 0.42372743 0.00000000 0.00000000 0.00000000 -1.00000000 4.66100170 9.96368723 0.00000000
-0.41228884 -0.91105319 0.00000000 -0.91105319 0.41228884 0.00000000 0.00000000 0.00000000 -1.00000000 4.53517723 10.02158508 0.00000000
-0.40078488 -0.91617219 0.00000000 -0.91617219 0.40078488 0.00000000 0.00000000 0.00000000 -1.00000000 4.40863372 10.07789406 0.00000000
-0.38921739 -0.92114593 0.00000000 -0.92114593 0.38921739 0.00000000 0.00000000 0.00000000 -1.00000000 4.28139124 10.13260524 0.00000000
-0.37758818 -0.92597363 0.00000000 -0.92597363 0.37758818 0.00000000 0.00000000 0.00000000 -1.00000000 4.15346997 10.18570995 0.00000000
-0.36589911 -0.93065452 0.00000000 -0.93065452 0.36589911 0.00000000 0.00000000 0.00000000 -1.00000000 4.02489019 10.23719976 0.00000000
-0.35415203 -0.93518786 0.00000000 -0.93518786 0.35415203 0.00000000 0.00000000 0.00000000 -1.00000000 3.89567229 10.28706651 0.00000000
-0.34234879 -0.93957294 0.00000000 -0.93957294 0.34234879 0.00000000 0.00000000 0.00000000 -1.00000000 3.76583674 10.33530230 0.00000000
-0.33049128 -0.94380904 0.00000000 -0.94380904 0.33049128 0.00000000 0.00000000 0.00000000 -1.00000000 3.63540413 10.38189948 0.00000000
-0.31858138 -0.94789551 0.00000000 -0.94789551 0.31858138 0.00000000 0.00000000 0.00000000 -1.00000000 3.50439516 10.42685066 0.00000000
-0.30662096 -0.95183170 0.00000000 -0.95183170 0.30662096 0.00000000 0.00000000 0.00000000 -1.00000000 3.37283057 10.47014871 0.00000000
-0.29461193 -0.95561698 0.00000000 -0.95561698 0.29461193 0.00000000 0.00000000 0.00000000 -1.00000000 3.24073124 10.51178677 0.00000000
-0.28255619 -0.95925075 0.00000000 -0.95925075 0.28255619 0.00000000 0.00000000 0.00000000 -1.00000000 3.10811811 10.55175823 0.00000000
-0.27045565 -0.96273243 0.00000000 -0.96273243 0.27045565 0.00000000 0.00000000 0.00000000 -1.00000000 2.97501220 10.59005677 0.00000000
-0.25831224 -0.96606148 0.00000000 -0.96606148 0.25831224 0.00000000 0.00000000 0.00000000 -1.00000000 2.84143462 10.62667630 0.00000000
-0.24612787 -0.96923737 0.00000000 -0.96923737 0.24612787 0.00000000 0.00000000 0.00000000 -1.00000000 2.70740654 10.66161103 0.00000000
-0.23390447 -0.97225958 0.00000000 -0.97225958 0.23390447 0.00000000 0.00000000 0.00000000 -1.00000000 2.57294922 10.69485541 0.00000000
-0.22164400 -0.97512765 0.00000000 -0.97512765 0.22164400 0.00000000 0.00000000 0.00000000 -1.00000000 2.43808397 10.72640418 0.00000000
-0.20934838 -0.97784112 0.00000000 -0.97784112 0.20934838 0.00000000 0.00000000 0.00000000 -1.00000000 2.30283217 10.75625232 0.00000000
-0.19701957 -0.98039956 0.00000000 -0.98039956 0.19701957 0.00000000 0.00000000 0.00000000 -1.00000000 2.16721527 10.78439511 0.00000000
-0.18465952 -0.98280255 0.00000000 -0.98280255 0.18465952 0.00000000 0.00000000 0.00000000 -1.00000000 2.03125477 10.81082809 0.00000000
-0.17227020 -0.98504973 0.00000000 -0.98504973 0.17227020 0.00000000 0.00000000 0.00000000 -1.00000000 1.89497222 10.83554707 0.00000000
-0.15985357 -0.98714074 0.00000000 -0.98714074 0.15985357 0.00000000 0.00000000 0.00000000 -1.00000000 1.75838923 10.85854812 0.00000000
-0.14741159 -0.98907524 0.00000000 -0.98907524 0.14741159 0.00000000 0.00000000 0.00000000 -1.00000000 1.62152746 10.87982760 0.00000000
-0.13494624 -0.99085292 0.00000000 -0.99085292 0.13494624 0.00000000 0.00000000 0.00000000 -1.00000000 1.48440860 10.89938214 0.00000000
-0.12245949 -0.99247351 0.00000000 -0.99247351 0.12245949 0.00000000 0.00000000 0.00000000 -1.00000000 1.34705440 10.91720864 0.00000000
-0.10995333 -0.99393675 0.00000000 -0.99393675 0.10995333 0.00000000 0.00000000 0.00000000 -1.00000000 1.20948663 10.93330426 0.00000000
-0.09742974 -0.99524241 0.00000000 -0.99524241 0.09742974 0.00000000 0.00000000 0.00000000 -1.00000000 1.07172710 10.94766646 0.00000000
-0.08489070 -0.99639027 0.00000000 -0.99639027 0.08489070 0.00000000 0.00000000 0.00000000 -1.00000000 0.93379765 10.96029297 0.00000000
-0.07233820 -0.99738016 0.00000000 -0.99738016 0.07233820 0.00000000 0.00000000 0.00000000 -1.00000000 0.79572016 10.97118177 0.00000000
-0.05977423 -0.99821192 0.00000000 -0.99821192 0.05977423 0.00000000 0.00000000 0.00000000 -1.00000000 0.65751650 10.98033114 0.00000000
-0.04720078 -0.99888542 0.00000000 -0.99888542 0.04720078 0.00000000 0.00000000 0.00000000 -1.00000000 0.51920861 10.98773964 0.00000000
-0.03461985 -0.99940055 0.00000000 -0.99940055 0.03461985 0.00000000 0.00000000 0.00000000 -1.00000000 0.38081839 10.99340609 0.00000000
-0.02203344 -0.99975723 0.00000000 -0.99975723 0.02203344 0.00000000 0.00000000 0.00000000 -1.00000000 0.24236779 10.99732958 0.00000000
-0.00944352 -0.99995541 0.00000000 -0.99995541 0.00944352 0.00000000 0.00000000 0.00000000 -1.00000000 0.10387877 10.99950950 0.00000000
0.00314788 -0.99999505 0.00000000 -0.99999505 -0.00314788 0.00000000 0.00000000 0.00000000 -1.00000000 -0.03462672 10.99994550 0.00000000
0.01573879 -0.99987614 0.00000000 -0.99987614 -0.01573879 0.00000000 0.00000000 0.00000000 -1.00000000 -0.17312672 10.99863751 0.00000000
0.02832721 -0.99959870 0.00000000 -0.99959870 -0.02832721 0.00000000 0.00000000 0.00000000 -1.00000000 -0.31159927 10.99558575 0.00000000
0.04091113 -0.99916279 0.00000000 -0.99916279 -0.04091113 0.00000000 0.00000000 0.00000000 -1.00000000 -0.45002242 10.99079068 0.00000000
0.05348857 -0.99856846 0.00000000 -0.99856846 -0.05348857 0.00000000 0.00000000 0.00000000 -1.00000000 -0.58837422 10.98425308 0.00000000
0.06605752 -0.99781582 0.00000000 -0.99781582 -0.06605752 0.00000000 0.00000000 0.00000000 -1.00000000 -0.72663273 10.97597398 0.00000000
0.07861600 -0.99690497 0.00000000 -0.99690497 -0.07861600 0.00000000 0.00000000 0.00000000 -1.00000000 -0.86477604 10.96595470 0.00000000
0.09116202 -0.99583607 0.00000000 -0.99583607 -0.09116202 0.00000000 0.00000000 0.00000000 -1.00000000 -1.00278225 10.95419681 0.00000000
0.10369359 -0.99460929 0.00000000 -0.99460929 -0.10369359 0.00000000 0.00000000 0.00000000 -1.00000000 -1.14062947 10.94070219 0.00000000
0.11620871 -0.99322482 0.00000000 -0.99322482 -0.11620871 0.00000000 0.00000000 0.00000000 -1.00000000 -1.27829585 10.92547297 0.00000000
0.12870541 -0.99168287 0.00000000 -0.99168287 -0.12870541 0.00000000 0.00000000 0.00000000 -1.00000000 -1.41575956 10.90851158 0.00000000
0.14118171 -0.98998370 0.00000000 -0.98998370 -0.14118171 0.00000000 0.00000000 0.00000000 -1.00000000 -1.55299881 10.88982069 0.00000000
0.15363562 -0.98812757 0.00000000 -0.98812757 -0.15363562 0.00000000 0.00000000 0.00000000 -1.00000000 -1.68999184 10.86940328 0.00000000
0.16606518 -0.98611478 0.00000000 -0.98611478 -0.16606518 0.00000000 0.00000000 0.00000000 -1.00000000 -1.82671693 10.84726257 0.00000000
0.17846840 -0.98394564 0.00000000 -0.98394564 -0.17846840 0.00000000 0.00000000 0.00000000 -1.00000000 -1.96315240 10.82340208 0.00000000
0.19084333 -0.98162051 0.00000000 -0.98162051 -0.19084333 0.00000000 0.00000000 0.00000000 -1.00000000 -2.09927662 10.79782560 0.00000000
0.20318800 -0.97913974 0.00000000 -0.97913974 -0.20318800 0.00000000 0.00000000 0.00000000 -1.00000000 -2.23506801 10.77053717 0.00000000
0.21550046 -0.97650374 0.00000000 -0.97650374 -0.21550046 0.00000000 0.00000000 0.00000000 -1.00000000 -2.37050505 10.74154113 0.00000000
0.22777875 -0.97371292 0.00000000 -0.97371292 -0.22777875 0.00000000 0.00000000 0.00000000 -1.00000000 -2.50556625 10.71084207 0.00000000
0.24002093 -0.97076771 0.00000000 -0.97076771 -0.24002093 0.00000000 0.00000000 0.00000000 -1.00000000 -2.64023021 10.67844485 0.00000000
0.25222505 -0.96766860 0.00000000 -0.96766860 -0.25222505 0.00000000 0.00000000 0.00000000 -1.00000000 -2.77447557 10.64435462 0.00000000
0.26438919 -0.96441607 0.00000000 -0.96441607 -0.26438919 0.00000000 0.00000000 0.00000000 -1.00000000 -2.90828105 10.60857678 0.00000000
0.27651140 -0.96101064 0.00000000 -0.96101064 -0.27651140 0.00000000 0.00000000 0.00000000 -1.00000000 -3.04162544 10.57111700 0.00000000
0.28858978 -0.95745284 0.00000000 -0.95745284 -0.28858978 0.00000000 0.00000000 0.00000000 -1.00000000 -3.17448759 10.53198123 0.00000000
0.30062240 -0.95374324 0.00000000 -0.95374324 -0.30062240 0.00000000 0.00000000 0.00000000 -1.00000000 -3.30684644 10.49117565 0.00000000
0.31260736 -0.94988243 0.00000000 -0.94988243 -0.31260736 0.00000000 0.00000000 0.00000000 -1.00000000 -3.43868101 10.44870676 0.00000000
0.32454276 -0.94587102 0.00000000 -0.94587102 -0.32454276 0.00000000 0.00000000 0.00000000 -1.00000000 -3.56997040 10.40458127 0.00000000
0.33642671 -0.94170965 0.00000000 -0.94170965 -0.33642671 0.00000000 0.00000000 0.00000000 -1.00000000 -3.70069378 10.35880618 0.00000000
0.34825731 -0.93739898 0.00000000 -0.93739898 -0.34825731 0.00000000 0.00000000 0.00000000 -1.00000000 -3.83083043 10.31138876 0.00000000
0.36003270 -0.93293968 0.00000000 -0.93293968 -0.36003270 0.00000000 0.00000000 0.00000000 -1.00000000 -3.96035973 10.26233652 0.00000000
0.37175101 -0.92833248 0.00000000 -0.92833248 -0.37175101 0.00000000 0.00000000 0.00000000 -1.00000000 -4.08926113 10.21165723 0.00000000
0.38341038 -0.92357809 0.00000000 -0.92357809 -0.38341038 0.00000000 0.00000000 0.00000000 -1.00000000 -4.21751419 10.15935894 0.00000000
0.39500896 -0.91867727 0.00000000 -0.91867727 -0.39500896 0.00000000 0.00000000 0.00000000 -1.00000000 -4.34509859 10.10544993 0.00000000
0.40654492 -0.91363079 0.00000000 -0.91363079 -0.40654492 0.00000000 0.00000000 0.00000000 -1.00000000 -4.47199410 10.04993874 0.00000000
0.41801642 -0.90843947 0.00000000 -0.90843947 -0.41801642 0.00000000 0.00000000 0.00000000 -1.00000000 -4.59818059 9.99283419 0.00000000
0.42942164 -0.90310412 0.00000000 -0.90310412 -0.42942164 0.00000000 0.00000000 0.00000000 -1.00000000 -4.72363807 9.93414533 0.00000000
0.44075878 -0.89762559 0.00000000 -0.89762559 -0.44075878 0.00000000 0.00000000 0.00000000 -1.00000000 -4.84834663 9.87388145 0.00000000
0.45202605 -0.89200474 0.00000000 -0.89200474 -0.45202605 0.00000000 0.00000000 0.00000000 -1.00000000 -4.97228651 9.81205212 0.00000000
0.46322164 -0.88624247 0.00000000 -0.88624247 -0.46322164 0.00000000 0.00000000 0.00000000 -1.00000000 -5.09543807 9.74866714 0.00000000
0.47434380 -0.88033969 0.00000000 -0.88033969 -0.47434380 0.00000000 0.00000000 0.00000000 -1.00000000 -5.21778176 9.68373655 0.00000000
0.48539075 -0.87429733 0.00000000 -0.87429733 -0.48539075 0.00000000 0.00000000 0.00000000 -1.00000000 -5.33929820 9.61727065 0.00000000
0.49636074 -0.86811636 0.00000000 -0.86811636 -0.49636074 0.00000000 0.00000000 0.00000000 -1.00000000 -5.45996812 9.54927998 0.00000000
0.50725204 -0.86179776 0.00000000 -0.86179776 -0.50725204 0.00000000 0.00000000 0.00000000 -1.00000000 -5.57977239 9.47977532 0.00000000
0.51806291 -0.85534252 0.00000000 -0.85534252 -0.51806291 0.00000000 0.00000000 0.00000000 -1.00000000 -5.69869201 9.40876769 0.00000000
0.52879165 -0.84875167 0.00000000 -0.84875167 -0.52879165 0.00000000 0.00000000 0.00000000 -1.00000000 -5.81670813 9.33626834 0.00000000
0.53943655 -0.84202625 0.00000000 -0.84202625 -0.53943655 0.00000000 0.00000000 0.00000000 -1.00000000 -5.93380205 9.26228877 0.00000000
0.54999593 -0.83516734 0.00000000 -0.83516734 -0.54999593 0.00000000 0.00000000 0.00000000 -1.00000000 -6.04995518 9.18684071 0.00000000
0.56046810 -0.82817601 0.00000000 -0.82817601 -0.56046810 0.00000000 0.00000000 0.00000000 -1.00000000 -6.16514913 9.10993612 0.00000000
0.57085142 -0.82105338 0.00000000 -0.82105338 -0.57085142 0.00000000 0.00000000 0.00000000 -1.00000000 -6.27936562 9.03158720 0.00000000
0.58114423 -0.81380058 0.00000000 -0.81380058 -0.58114423 0.00000000 0.00000000 0.00000000 -1.00000000 -6.39258655 8.95180636 0.00000000
0.59134491 -0.80641875 0.00000000 -0.80641875 -0.59134491 0.00000000 0.00000000 0.00000000 -1.00000000 -6.50479397 8.87060626 0.00000000
0.60145183 -0.79890907 0.00000000 -0.79890907 -0.60145183 0.00000000 0.00000000 0.00000000 -1.00000000 -6.61597008 8.78799977 0.00000000
0.61146339 -0.79127273 0.00000000 -0.79127273 -0.61146339 0.00000000 0.00000000 0.00000000 -1.00000000 -6.72609726 8.70399998 0.00000000
0.62137800 -0.78351093 0.00000000 -0.78351093 -0.62137800 0.00000000 0.00000000 0.00000000 -1.00000000 -6.83515805 8.61862021 0.00000000
0.63119411 -0.77562491 0.00000000 -0.77562491 -0.63119411 0.00000000 0.00000000 0.00000000 -1.00000000 -6.94313517 8.53187401 0.00000000
0.64091013 -0.76761592 0.00000000 -0.76761592 -0.64091013 0.00000000 0.00000000 0.00000000 -1.00000000 -7.05001148 8.44377511 0.00000000
0.65052455 -0.75948523 0.00000000 -0.75948523 -0.65052455 0.00000000 0.00000000 0.00000000 -1.00000000 -7.15577004 8.35433750 0.00000000
0.66003583 -0.75123412 0.00000000 -0.75123412 -0.66003583 0.00000000 0.00000000 0.00000000 -1.00000000 -7.26039410 8.26357535 0.00000000
0.66944246 -0.74286391 0.00000000 -0.74286391 -0.66944246 0.00000000 0.00000000 0.00000000 -1.00000000 -7.36386705 8.17150305 0.00000000
0.67874295 -0.73437593 0.00000000 -0.73437593 -0.67874295 0.00000000 0.00000000 0.00000000 -1.00000000 -7.46617250 8.07813520 0.00000000
0.68793584 -0.72577151 0.00000000 -0.72577151 -0.68793584 0.00000000 0.00000000 0.00000000 -1.00000000 -7.56729422 7.98348659 0.00000000
0.69701965 -0.71705202 0.00000000 -0.71705202 -0.69701965 0.00000000 0.00000000 0.00000000 -1.00000000 -7.66721619 7.88757225 0.00000000
0.70599296 -0.70821885 0.00000000 -0.70821885 -0.70599296 0.00000000 0.00000000 0.00000000 -1.00000000 -7.76592255 7.79040737 0.00000000
0.71485433 -0.69927340 0.00000000 -0.69927340 -0.71485433 0.00000000 0.00000000 0.00000000 -1.00000000 -7.86339767 7.69200735 0.00000000
0.72360237 -0.69021707 0.00000000 -0.69021707 -0.72360237 0.00000000 0.00000000 0.00000000 -1.00000000 -7.95962608 7.59238781 0.00000000
0.73223568 -0.68105132 0.00000000 -0.68105132 -0.73223568 0.00000000 0.00000000 0.00000000 -1.00000000 -8.05459253 7.49156453 0.00000000
0.74075291 -0.67177759 0.00000000 -0.67177759 -0.74075291 0.00000000 0.00000000 0.00000000 -1.00000000 -8.14828197 7.38955350 0.00000000
0.74915269 -0.66239735 0.00000000 -0.66239735 -0.74915269 0.00000000 0.00000000 0.00000000 -1.00000000 -8.24067954 7.28637089 0.00000000
0.75743369 -0.65291210 0.00000000 -0.65291210 -0.75743369 0.00000000 0.00000000 0.00000000 -1.00000000 -8.33177058 7.18203307 0.00000000
0.76559461 -0.64332332 0.00000000 -0.64332332 -0.76559461 0.00000000 0.00000000 0.00000000 -1.00000000 -8.42154067 7.07655656 0.00000000
0.77363414 -0.63363256 0.00000000 -0.63363256 -0.77363414 0.00000000 0.00000000 0.00000000 -1.00000000 -8.50997556 6.96995811 0.00000000
0.78155102 -0.62384133 0.00000000 -0.62384133 -0.78155102 0.00000000 0.00000000 0.00000000 -1.00000000 -8.59706123 6.86225460 0.00000000
0.78934399 -0.61395119 0.00000000 -0.61395119 -0.78934399 0.00000000 0.00000000 0.00000000 -1.00000000 -8.68278389 6.75346311 0.00000000
0.79701181 -0.60396372 0.00000000 -0.60396372 -0.79701181 0.00000000 0.00000000 0.00000000 -1.00000000 -8.76712993 6.64360090 0.00000000
0.80455327 -0.59388049 0.00000000 -0.59388049 -0.80455327 0.00000000 0.00000000 0.00000000 -1.00000000 -8.85008598 6.53268537 0.00000000
0.81196717 -0.58370310 0.00000000 -0.58370310 -0.81196717 0.00000000 0.00000000 0.00000000 -1.00000000 -8.93163890 6.42073412 0.00000000
0.81925234 -0.57343317 0.00000000 -0.57343317 -0.81925234 0.00000000 0.00000000 0.00000000 -1.00000000 -9.01177574 6.30776489 0.00000000
0.82640762 -0.56307233 0.00000000 -0.56307233 -0.82640762 0.00000000 0.00000000 0.00000000 -1.00000000 -9.09048382 6.19379560 0.00000000
0.83343188 -0.55262221 0.00000000 -0.55262221 -0.83343188 0.00000000 0.00000000 0.00000000 -1.00000000 -9.16775064 6.07884431 0.00000000
0.84032400 -0.54208448 0.00000000 -0.54208448 -0.84032400 0.00000000 0.00000000 0.00000000 -1.00000000 -9.24356396 5.96292925 0.00000000
0.84708289 -0.53146080 0.00000000 -0.53146080 -0.84708289 0.00000000 0.00000000 0.00000000 -1.00000000 -9.31791176 5.84606880 0.00000000
0.85370748 -0.52075286 0.00000000 -0.52075286 -0.85370748 0.00000000 0.00000000 0.00000000 -1.00000000 -9.39078225 5.72828148 0.00000000
0.86019672 -0.50996236 0.00000000 -0.50996236 -0.86019672 0.00000000 0.00000000 0.00000000 -1.00000000 -9.46216388 5.60958597 0.00000000
0.86654958 -0.49909101 0.00000000 -0.49909101 -0.86654958 0.00000000 0.00000000 0.00000000 -1.00000000 -9.53204533 5.49000109 0.00000000
0.87276505 -0.48814053 0.00000000 -0.48814053 -0.87276505 0.00000000 0.00000000 0.00000000 -1.00000000 -9.60041551 5.36954579 0.00000000
0.87884215 -0.47711265 0.00000000 -0.47711265 -0.87884215 0.00000000 0.00000000 0.00000000 -1.00000000 -9.66726360 5.24823918 0.00000000
0.88477991 -0.46600914 0.00000000 -0.46600914 -0.88477991 0.00000000 0.00000000 0.00000000 -1.00000000 -9.73257899 5.12610049 0.00000000
0.89057739 -0.45483173 0.00000000 -0.45483173 -0.89057739 0.00000000 0.00000000 0.00000000 -1.00000000 -9.79635133 5.00314907 0.00000000
0.89623368 -0.44358222 0.00000000 -0.44358222 -0.89623368 0.00000000 0.00000000 0.00000000 -1.00000000 -9.85857050 4.87940444 0.00000000
0.90174788 -0.43226238 0.00000000 -0.43226238 -0.90174788 0.00000000 0.00000000 0.00000000 -1.00000000 -9.91922665 4.75488619 0.00000000
0.90711910 -0.42087401 0.00000000 -0.42087401 -0.90711910 0.00000000 0.00000000 0.00000000 -1.00000000 -9.97831015 4.62961409 0.00000000
0.91234651 -0.40941891 0.00000000 -0.40941891 -0.91234651 0.00000000 0.00000000 0.00000000 -1.00000000 -10.03581164 4.50360798 0.00000000
0.91742927 -0.39789889 0.00000000 -0.39789889 -0.91742927 0.00000000 0.00000000 0.00000000 -1.00000000 -10.09172199 4.37688784 0.00000000
0.92236658 -0.38631580 0.00000000 -0.38631580 -0.92236658 0.00000000 0.00000000 0.00000000 -1.00000000 -10.14603236 4.24947377 0.00000000
0.92715765 -0.37467145 0.00000000 -0.37467145 -0.92715765 0.00000000 0.00000000 0.00000000 -1.00000000 -10.19873412 4.12138597 0.00000000
0.93180172 -0.36296770 0.00000000 -0.36296770 -0.93180172 0.00000000 0.00000000 0.00000000 -1.00000000 -10.24981892 3.99264474 0.00000000
0.93629806 -0.35120641 0.00000000 -0.35120641 -0.93629806 0.00000000 0.00000000 0.00000000 -1.00000000 -10.29927867 3.86327050 0.00000000
0.94064596 -0.33938943 0.00000000 -0.33938943 -0.94064596 0.00000000 0.00000000 0.00000000 -1.00000000 -10.34710551 3.73328375 0.00000000
0.94484472 -0.32751865 0.00000000 -0.32751865 -0.94484472 0.00000000 0.00000000 0.00000000 -1.00000000 -10.39329187 3.60270512 0.00000000
0.94889367 -0.31559594 0.00000000 -0.31559594 -0.94889367 0.00000000 0.00000000 0.00000000 -1.00000000 -10.43783042 3.47155529 0.00000000
0.95279219 -0.30362319 0.00000000 -0.30362319 -0.95279219 0.00000000 0.00000000 0.00000000 -1.00000000 -10.48071411 3.33985506 0.00000000
0.95653965 -0.29160230 0.00000000 -0.29160230 -0.95653965 0.00000000 0.00000000 0.00000000 -1.00000000 -10.52193613 3.20762531 0.00000000
0.96013545 -0.27953518 0.00000000 -0.27953518 -0.96013545 0.00000000 0.00000000 0.00000000 -1.00000000 -10.56148995 3.07488701 0.00000000
0.96357903 -0.26742375 0.00000000 -0.26742375 -0.96357903 0.00000000 0.00000000 0.00000000 -1.00000000 -10.59936929 2.94166120 0.00000000
0.96686983 -0.25526991 0.00000000 -0.25526991 -0.96686983 0.00000000 0.00000000 0.00000000 -1.00000000 -10.63556816 2.80796901 0.00000000
0.97000735 -0.24307560 0.00000000 -0.24307560 -0.97000735 0.00000000 0.00000000 0.00000000 -1.00000000 -10.67008081 2.67383162 0.00000000
0.97299107 -0.23084276 0.00000000 -0.23084276 -0.97299107 0.00000000 0.00000000 0.00000000 -1.00000000 -10.70290177 2.53927032 0.00000000
0.97582053 -0.21857331 0.00000000 -0.21857331 -0.97582053 0.00000000 0.00000000 0.00000000 -1.00000000 -10.73402584 2.40430642 0.00000000
0.97849528 -0.20626921 0.00000000 -0.20626921 -0.97849528 0.00000000 0.00000000 0.00000000 -1.00000000 -10.76344808 2.26896133 0.00000000
0.98101489 -0.19393241 0.00000000 -0.19393241 -0.98101489 0.00000000 0.00000000 0.00000000 -1.00000000 -10.79116382 2.13325651 0.00000000
0.98337897 -0.18156486 0.00000000 -0.18156486 -0.98337897 0.00000000 0.00000000 0.00000000 -1.00000000 -10.81716868 1.99721348 0.00000000
0.98558714 -0.16916853 0.00000000 -0.16916853 -0.98558714 0.00000000 0.00000000 0.00000000 -1.00000000 -10.84145854 1.86085379 0.00000000
0.98763905 -0.15674537 0.00000000 -0.15674537 -0.98763905 0.00000000 0.00000000 0.00000000 -1.00000000 -10.86402953 1.72419908 0.00000000
0.98953437 -0.14429736 0.00000000 -0.14429736 -0.98953437 0.00000000 0.00000000 0.00000000 -1.00000000 -10.88487808 1.58727100 0.00000000
0.99127281 -0.13182648 0.00000000 -0.13182648 -0.99127281 0.00000000 0.00000000 0.00000000 -1.00000000 -10.90400089 1.45009127 0.00000000
0.99285408 -0.11933469 0.00000000 -0.11933469 -0.99285408 0.00000000 0.00000000 0.00000000 -1.00000000 -10.92139492 1.31268163 0.00000000
0.99427795 -0.10682399 0.00000000 -0.10682399 -0.99427795 0.00000000 0.00000000 0.00000000 -1.00000000 -10.93705741 1.17506387 0.00000000
0.99554417 -0.09429635 0.00000000 -0.09429635 -0.99554417 0.00000000 0.00000000 0.00000000 -1.00000000 -10.95098590 1.03725981 0.00000000
0.99665256 -0.08175375 0.00000000 -0.08175375 -0.99665256 0.00000000 0.00000000 0.00000000 -1.00000000 -10.96317815 0.89929130 0.00000000
0.99760293 -0.06919820 0.00000000 -0.06919820 -0.99760293 0.00000000 0.00000000 0.00000000 -1.00000000 -10.97363225 0.76118022 0.00000000
0.99839514 -0.05663168 0.00000000 -0.05663168 -0.99839514 0.00000000 0.00000000 0.00000000 -1.00000000 -10.98234653 0.62294845 0.00000000
0.99902906 -0.04405617 0.00000000 -0.04405617 -0.99902906 0.00000000 0.00000000 0.00000000 -1.00000000 -10.98931961 0.48461791 0.00000000
0.99950458 -0.03147369 0.00000000 -0.03147369 -0.99950458 0.00000000 0.00000000 0.00000000 -1.00000000 -10.99455039 0.34621054 0.00000000
0.99982164 -0.01888621 0.00000000 -0.01888621 -0.99982164 0.00000000 0.00000000 0.00000000 -1.00000000 -10.99803804 0.20774828 0.00000000
0.99998018 -0.00629574 0.00000000 -0.00629574 -0.99998018 0.00000000 0.00000000 0.00000000 -1.00000000 -10.99978200 0.06925309 0.00000000
0.99998018 0.00629574 0.00000000 0.00629574 -0.99998018 0.00000000 0.00000000 0.00000000 -1.00000000 -10.99978200 -0.06925309 0.00000000
0.99982164 0.01888621 0.00000000 0.01888621 -0.99982164 0.00000000 0.00000000 0.00000000 -1.00000000 -10.99803804 -0.20774828 0.00000000
0.99950458 0.03147369 0.00000000 0.03147369 -0.99950458 0.00000000 0.00000000 0.00000000 -1.00000000 -10.99455039 -0.34621054 0.00000000
0.99902906 0.04405617 0.00000000 0.04405617 -0.99902906 0.00000000 0.00000000 0.00000000 -1.00000000 -10.98931961 -0.48461791 0.00000000
0.99839514 0.05663168 0.00000000 0.05663168 -0.99839514 0.00000000 0.00000000 0.00000000 -1.00000000 -10.98234653 -0.62294845 0.00000000
0.99760293 0.06919820 0.00000000 0.06919820 -0.99760293 0.00000000 0.00000000 0.00000000 -1.00000000 -10.97363225 -0.76118022 0.00000000
0.99665256 0.08175375 0.00000000 0.08175375 -0.99665256 0.00000000 0.00000000 0.00000000 -1.00000000 -10.96317815 -0.89929130 0.00000000
0.99554417 0.09429635 0.00000000 0.09429635 -0.99554417 0.00000000 0.00000000 0.00000000 -1.00000000 -10.95098590 -1.03725981 0.00000000
0.99427795 0.10682399 0.00000000 0.10682399 -0.99427795 0.00000000 0.00000000 0.00000000 -1.00000000 -10.93705741 -1.17506387 0.00000000
0.99285408 0.11933469 0.00000000 0.11933469 -0.99285408 0.00000000 0.00000000 0.00000000 -1.00000000 -10.92139492 -1.31268163 0.00000000
0.99127281 0.13182648 0.00000000 0.13182648 -0.99127281 0.00000000 0.00000000 0.00000000 -1.00000000 -10.90400089 -1.45009127 0.00000000
0.98953437 0.14429736 0.00000000 0.14429736 -0.98953437 0.00000000 0.00000000 0.00000000 -1.00000000 -10.88487808 -1.58727100 0.00000000
0.98763905 0.15674537 0.00000000 0.15674537 -0.98763905 0.00000000 0.00000000 0.00000000 -1.00000000 -10.86402953 -1.72419908 0.00000000
0.98558714 0.16916853 0.00000000 0.16916853 -0.98558714 0.00000000 0.00000000 0.00000000 -1.00000000 -10.84145854 -1.86085379 0.00000000
0.98337897 0.18156486 0.00000000 0.18156486 -0.98337897 0.00000000 0.00000000 0.00000000 -1.00000000 -10.81716868 -1.99721348 0.00000000
0.98101489 0.19393241 0.00000000 0.19393241 -0.98101489 0.00000000 0.00000000 0.00000000 -1.00000000 -10.79116382 -2.13325651 0.00000000
0.97849528 0.20626921 0.00000000 0.20626921 -0.97849528 0.00000000 0.00000000 0.00000000 -1.00000000 -10.76344808 -2.26896133 0.00000000
0.97582053 0.21857331 0.00000000 0.21857331 -0.97582053 0.00000000 0.00000000 0.00000000 -1.00000000 -10.73402584 -2.40430642 0.00000000
0.97299107 0.23084276 0.00000000 0.23084276 -0.97299107 0.00000000 0.00000000 0.00000000 -1.00000000 -10.70290177 -2.53927032 0.00000000
0.97000735 0.24307560 0.00000000 0.24307560 -0.97000735 0.00000000 0.00000000 0.00000000 -1.00000000 -10.67008081 -2.67383162 0.00000000
0.96686983 0.25526991 0.00000000 0.25526991 -0.96686983 0.00000000 0.00000000 0.00000000 -1.00000000 -10.63556816 -2.80796901 0.00000000
0.96357903 0.26742375 0.00000000 0.26742375 -0.96357903 0.00000000 0.00000000 0.00000000 -1.00000000 -10.59936929 -2.94166120 0.00000000
0.96013545 0.27953518 0.00000000 0.27953518 -0.96013545 0.00000000 0.00000000 0.00000000 -1.00000000 -10.56148995 -3.07488701 0.00000000
0.95653965 0.29160230 0.00000000 0.29160230 -0.95653965 0.00000000 0.00000000 0.00000000 -1.00000000 -10.52193613 -3.20762531 0.00000000
0.95279219 0.30362319 0.00000000 0.30362319 -0.95279219 0.00000000 0.00000000 0.00000000 -1.00000000 -10.48071411 -3.33985506 0.00000000
0.94889367 0.31559594 0.00000000 0.31559594 -0.94889367 0.00000000 0.00000000 0.00000000 -1.00000000 -10.43783042 -3.47155529 0.00000000
0.94484472 0.32751865 0.00000000 0.32751865 -0.94484472 0.00000000 0.00000000 0.00000000 -1.00000000 -10.39329187 -3.60270512 0.00000000
0.94064596 0.33938943 0.00000000 0.33938943 -0.94064596 0.00000000 0.00000000 0.00000000 -1.00000000 -10.34710551 -3.73328375 0.00000000
0.93629806 0.35120641 0.00000000 0.35120641 -0.93629806 0.00000000 0.00000000 0.00000000 -1.00000000 -10.29927867 -3.86327050 0.00000000
0.93180172 0.36296770 0.00000000 0.36296770 -0.93180172 0.00000000 0.00000000 0.00000000 -1.00000000 -10.24981892 -3.99264474 0.00000000
0.92715765 0.37467145 0.00000000 0.37467145 -0.92715765 0.00000000 0.00000000 0.00000000 -1.00000000 -10.19873412 -4.12138597 0.00000000
0.92236658 0.38631580 0.00000000 0.38631580 -0.92236658 0.00000000 0.00000000 0.00000000 -1.00000000 -10.14603236 -4.24947377 0.00000000
0.91742927 0.39789889 0.00000000 0.39789889 -0.91742927 0.00000000 0.00000000 0.00000000 -1.00000000 -10.09172199 -4.37688784 0.00000000
0.91234651 0.40941891 0.00000000 0.40941891 -0.91234651 0.00000000 0.00000000 0.00000000 -1.00000000 -10.03581164 -4.50360798 0.00000000
0.90711910 0.42087401 0.00000000 0.42087401 -0.90711910 0.00000000 0.00000000 0.00000000 -1.00000000 -9.97831015 -4.62961409 0.00000000
0.90174788 0.43226238 0.00000000 0.43226238 -0.90174788 0.00000000 0.00000000 0.00000000 -1.00000000 -9.91922665 -4.75488619 0.00000000
0.89623368 0.44358222 0.00000000 0.44358222 -0.89623368 0.00000000 0.00000000 0.00000000 -1.00000000 -9.85857050 -4.87940444 0.00000000
0.89057739 0.45483173 0.00000000 0.45483173 -0.89057739 0.00000000 0.00000000 0.00000000 -1.00000000 -9.79635133 -5.00314907 0.00000000
0.88477991 0.46600914 0.00000000 0.46600914 -0.88477991 0.00000000 0.00000000 0.00000000 -1.00000000 -9.73257899 -5.12610049 0.00000000
0.87884215 0.47711265 0.00000000 0.47711265 -0.87884215 0.00000000 0.00000000 0.00000000 -1.00000000 -9.66726360 -5.24823918 0.00000000
0.87276505 0.48814053 0.00000000 0.48814053 -0.87276505 0.00000000 0.00000000 0.00000000 -1.00000000 -9.60041551 -5.36954579 0.00000000
