0.00000000 0.99530600 -0.09629100 1.00000000 0.00000000 0.00000000 0.00000000 -0.09629100 -0.99530600 0.00000000 -0.44788800 0.04333100
-0.01253212 0.99522710 -0.09629100 0.99992073 0.01259122 0.00000000 0.00121242 -0.09628337 -0.99530600 0.00563946 -0.44785249 0.04333100
-0.02506225 0.99499041 -0.09629100 0.99968292 0.02518045 0.00000000 0.00242465 -0.09626047 -0.99530600 0.01127802 -0.44774598 0.04333100
-0.03758841 0.99459597 -0.09629100 0.99928662 0.03776568 0.00000000 0.00363649 -0.09622231 -0.99530600 0.01691479 -0.44756849 0.04333100
-0.05010860 0.99404384 -0.09629100 0.99873189 0.05034492 0.00000000 0.00484776 -0.09616889 -0.99530600 0.02254889 -0.44732003 0.04333100
-0.06262086 0.99333411 -0.09629100 0.99801881 0.06291619 0.00000000 0.00605826 -0.09610023 -0.99530600 0.02817940 -0.44700065 0.04333100
-0.07512318 0.99246690 -0.09629100 0.99714751 0.07547747 0.00000000 0.00726780 -0.09601633 -0.99530600 0.03380545 -0.44661040 0.04333100
-0.08761360 0.99144233 -0.09629100 0.99611811 0.08802680 0.00000000 0.00847619 -0.09591721 -0.99530600 0.03942615 -0.44614935 0.04333100
-0.10009012 0.99026057 -0.09629100 0.99493078 0.10056216 0.00000000 0.00968323 -0.09580288 -0.99530600 0.04504058 -0.44561756 0.04333100
-0.11255078 0.98892182 -0.09629100 0.99358571 0.11308158 0.00000000 0.01088874 -0.09567336 -0.99530600 0.05064788 -0.44501511 0.04333100
-0.12499359 0.98742627 -0.09629100 0.99208311 0.12558307 0.00000000 0.01209252 -0.09552867 -0.99530600 0.05624715 -0.44434212 0.04333100
-0.13741658 0.98577417 -0.09629100 0.99042322 0.13806466 0.00000000 0.01329438 -0.09536884 -0.99530600 0.06183750 -0.44359867 0.04333100
-0.14981779 0.98396578 -0.09629100 0.98860630 0.15052435 0.00000000 0.01449414 -0.09519389 -0.99530600 0.06741805 -0.44278490 0.04333100
-0.16219524 0.98200139 -0.09629100 0.98663265 0.16296018 0.00000000 0.01569160 -0.09500384 -0.99530600 0.07298791 -0.44190092 0.04333100
-0.17454698 0.97988131 -0.09629100 0.98450257 0.17537017 0.00000000 0.01688657 -0.09479874 -0.99530600 0.07854619 -0.44094689 0.04333100
-0.18687105 0.97760587 -0.09629100 0.98221640 0.18775236 0.00000000 0.01807886 -0.09457860 -0.99530600 0.08409203 -0.43992294 0.04333100
-0.19916549 0.97517544 -0.09629100 0.97977450 0.20010478 0.00000000 0.01926829 -0.09434347 -0.99530600 0.08962453 -0.43882924 0.04333100
-0.21142835 0.97259040 -0.09629100 0.97717727 0.21242547 0.00000000 0.02045466 -0.09409338 -0.99530600 0.09514282 -0.43766597 0.04333100
-0.22365769 0.96985116 -0.09629100 0.97442511 0.22471249 0.00000000 0.02163779 -0.09382837 -0.99530600 0.10064603 -0.43643331 0.04333100
-0.23585157 0.96695815 -0.09629100 0.97151846 0.23696388 0.00000000 0.02281749 -0.09354848 -0.99530600 0.10613328 -0.43513146 0.04333100
-0.24800805 0.96391184 -0.09629100 0.96845778 0.24917769 0.00000000 0.02399357 -0.09325377 -0.99530600 0.11160370 -0.43376062 0.04333100
-0.26012522 0.96071271 -0.09629100 0.96524356 0.26135201 0.00000000 0.02516585 -0.09294427 -0.99530600 0.11705643 -0.43232101 0.04333100
-0.27220115 0.95736125 -0.09629100 0.96187630 0.27348488 0.00000000 0.02633413 -0.09262003 -0.99530600 0.12249060 -0.43081285 0.04333100
-0.28423392 0.95385802 -0.09629100 0.95835654 0.28557440 0.00000000 0.02749824 -0.09228111 -0.99530600 0.12790535 -0.42923639 0.04333100
-0.29622162 0.95020355 -0.09629100 0.95468484 0.29761864 0.00000000 0.02865800 -0.09192756 -0.99530600 0.13329982 -0.42759188 0.04333100
-0.30816236 0.94639843 -0.09629100 0.95086178 0.30961570 0.00000000 0.02981321 -0.09155943 -0.99530600 0.13867316 -0.42587958 0.04333100
-0.32005424 0.94244327 -0.09629100 0.94688796 0.32156366 0.00000000 0.03096369 -0.09117679 -0.99530600 0.14402451 -0.42409975 0.04333100
-0.33189538 0.93833869 -0.09629100 0.94276402 0.33346065 0.00000000 0.03210926 -0.09077969 -0.99530600 0.14935302 -0.42225269 0.04333100
-0.34368390 0.93408533 -0.09629100 0.93849061 0.34530476 0.00000000 0.03324974 -0.09036820 -0.99530600 0.15465786 -0.42033868 0.04333100
-0.35541793 0.92968389 -0.09629100 0.93406840 0.35709413 0.00000000 0.03438495 -0.08994238 -0.99530600 0.15993818 -0.41835803 0.04333100
-0.36709561 0.92513504 -0.09629100 0.92949810 0.36882689 0.00000000 0.03551471 -0.08950230 -0.99530600 0.16519314 -0.41631105 0.04333100
-0.37871509 0.92043952 -0.09629100 0.92478044 0.38050117 0.00000000 0.03663884 -0.08904803 -0.99530600 0.17042191 -0.41419806 0.04333100
-0.39027453 0.91559807 -0.09629100 0.91991616 0.39211512 0.00000000 0.03775716 -0.08857965 -0.99530600 0.17562366 -0.41201941 0.04333100
-0.40177209 0.91061146 -0.09629100 0.91490602 0.40366690 0.00000000 0.03886949 -0.08809722 -0.99530600 0.18079756 -0.40977543 0.04333100
-0.41320595 0.90548047 -0.09629100 0.90975084 0.41515469 0.00000000 0.03997566 -0.08760082 -0.99530600 0.18594280 -0.40746648 0.04333100
-0.42457430 0.90020592 -0.09629100 0.90445142 0.42657665 0.00000000 0.04107549 -0.08709053 -0.99530600 0.19105856 -0.40509294 0.04333100
-0.43587533 0.89478865 -0.09629100 0.89900860 0.43793098 0.00000000 0.04216881 -0.08656644 -0.99530600 0.19614403 -0.40265516 0.04333100
-0.44710726 0.88922952 -0.09629100 0.89342324 0.44921588 0.00000000 0.04325545 -0.08602862 -0.99530600 0.20119840 -0.40015355 0.04333100
-0.45826830 0.88352940 -0.09629100 0.88769624 0.46042956 0.00000000 0.04433522 -0.08547716 -0.99530600 0.20622087 -0.39758850 0.04333100
-0.46935669 0.87768920 -0.09629100 0.88182850 0.47157024 0.00000000 0.04540797 -0.08491215 -0.99530600 0.21121065 -0.39496040 0.04333100
-0.48037066 0.87170985 -0.09629100 0.87582095 0.48263615 0.00000000 0.04647352 -0.08433368 -0.99530600 0.21616694 -0.39226970 0.04333100
-0.49130847 0.86559229 -0.09629100 0.86967455 0.49362555 0.00000000 0.04753170 -0.08374183 -0.99530600 0.22108896 -0.38951679 0.04333100
-0.50216839 0.85933750 -0.09629100 0.86339026 0.50453668 0.00000000 0.04858234 -0.08313671 -0.99530600 0.22597593 -0.38670214 0.04333100
-0.51294869 0.85294647 -0.09629100 0.85696908 0.51536782 0.00000000 0.04962528 -0.08251841 -0.99530600 0.23082706 -0.38382617 0.04333100
-0.52364766 0.84642020 -0.09629100 0.85041204 0.52611726 0.00000000 0.05066036 -0.08188703 -0.99530600 0.23564161 -0.38088935 0.04333100
-0.53426362 0.83975974 -0.09629100 0.84372016 0.53678328 0.00000000 0.05168740 -0.08124266 -0.99530600 0.24041879 -0.37789214 0.04333100
-0.54479486 0.83296614 -0.09629100 0.83689452 0.54736419 0.00000000 0.05270625 -0.08058541 -0.99530600 0.24515785 -0.37483501 0.04333100
-0.55523974 0.82604048 -0.09629100 0.82993620 0.55785832 0.00000000 0.05371674 -0.07991539 -0.99530600 0.24985805 -0.37171846 0.04333100
-0.56559658 0.81898385 -0.09629100 0.82284629 0.56826401 0.00000000 0.05471871 -0.07923269 -0.99530600 0.25451863 -0.36854298 0.04333100
-0.57586375 0.81179737 -0.09629100 0.81562592 0.57857960 0.00000000 0.05571201 -0.07853744 -0.99530600 0.25913886 -0.36530906 0.04333100
-0.58603962 0.80448219 -0.09629100 0.80827624 0.58880346 0.00000000 0.05669647 -0.07782973 -0.99530600 0.26371801 -0.36201723 0.04333100
-0.59612258 0.79703946 -0.09629100 0.80079841 0.59893397 0.00000000 0.05767195 -0.07710968 -0.99530600 0.26825534 -0.35866800 0.04333100
-0.60611102 0.78947037 -0.09629100 0.79319362 0.60896952 0.00000000 0.05863828 -0.07637741 -0.99530600 0.27275014 -0.35526190 0.04333100
-0.61600337 0.78177611 -0.09629100 0.78546307 0.61890853 0.00000000 0.05959532 -0.07563302 -0.99530600 0.27720170 -0.35179948 0.04333100
-0.62579805 0.77395790 -0.09629100 0.77760799 0.62874940 0.00000000 0.06054291 -0.07487665 -0.99530600 0.28160931 -0.34828129 0.04333100
-0.63549352 0.76601699 -0.09629100 0.76962963 0.63849059 0.00000000 0.06148090 -0.07410841 -0.99530600 0.28597227 -0.34470787 0.04333100
-0.64508823 0.75795462 -0.09629100 0.76152924 0.64813056 0.00000000 0.06240914 -0.07332841 -0.99530600 0.29028990 -0.34107981 0.04333100
-0.65458067 0.74977209 -0.09629100 0.75330812 0.65766776 0.00000000 0.06332749 -0.07253679 -0.99530600 0.29456150 -0.33739767 0.04333100
-0.66396932 0.74147068 -0.09629100 0.74496756 0.66710069 0.00000000 0.06423579 -0.07173367 -0.99530600 0.29878640 -0.33366203 0.04333100
-0.67325271 0.73305172 -0.09629100 0.73650889 0.67642786 0.00000000 0.06513392 -0.07091918 -0.99530600 0.30296392 -0.32987349 0.04333100
-0.68242936 0.72451653 -0.09629100 0.72793345 0.68564779 0.00000000 0.06602171 -0.07009344 -0.99530600 0.30709342 -0.32603266 0.04333100
-0.69149780 0.71586648 -0.09629100 0.71924261 0.69475900 0.00000000 0.06689904 -0.06925659 -0.99530600 0.31117422 -0.32214013 0.04333100
-0.70045662 0.70710293 -0.09629100 0.71043773 0.70376007 0.00000000 0.06776576 -0.06840876 -0.99530600 0.31520569 -0.31819653 0.04333100
-0.70930438 0.69822727 -0.09629100 0.70152021 0.71264956 0.00000000 0.06862174 -0.06755008 -0.99530600 0.31918719 -0.31420248 0.04333100
-0.71803969 0.68924091 -0.09629100 0.69249147 0.72142606 0.00000000 0.06946684 -0.06668070 -0.99530600 0.32311808 -0.31015862 0.04333100
-0.72666115 0.68014528 -0.09629100 0.68335294 0.73008819 0.00000000 0.07030092 -0.06580074 -0.99530600 0.32699774 -0.30606558 0.04333100
-0.73516741 0.67094181 -0.09629100 0.67410607 0.73863456 0.00000000 0.07112386 -0.06491035 -0.99530600 0.33082556 -0.30192402 0.04333100
-0.74355711 0.66163197 -0.09629100 0.66475232 0.74706382 0.00000000 0.07193552 -0.06400967 -0.99530600 0.33460092 -0.29773459 0.04333100
-0.75182892 0.65221723 -0.09629100 0.65529317 0.75537465 0.00000000 0.07273578 -0.06309884 -0.99530600 0.33832324 -0.29349795 0.04333100
-0.75998153 0.64269908 -0.09629100 0.64573014 0.76356571 0.00000000 0.07352451 -0.06217800 -0.99530600 0.34199192 -0.28921478 0.04333100
-0.76801365 0.63307904 -0.09629100 0.63606473 0.77163571 0.00000000 0.07430157 -0.06124731 -0.99530600 0.34560637 -0.28488576 0.04333100
-0.77592400 0.62335862 -0.09629100 0.62629847 0.77958337 0.00000000 0.07506686 -0.06030691 -0.99530600 0.34916604 -0.28051157 0.04333100
-0.78371134 0.61353938 -0.09629100 0.61643291 0.78740743 0.00000000 0.07582025 -0.05935694 -0.99530600 0.35267034 -0.27609290 0.04333100
-0.79137442 0.60362286 -0.09629100 0.60646963 0.79510666 0.00000000 0.07656161 -0.05839757 -0.99530600 0.35611873 -0.27163047 0.04333100
-0.79891204 0.59361064 -0.09629100 0.59641019 0.80267982 0.00000000 0.07729084 -0.05742893 -0.99530600 0.35951066 -0.26712497 0.04333100
-0.80632299 0.58350430 -0.09629100 0.58625619 0.81012572 0.00000000 0.07800782 -0.05645119 -0.99530600 0.36284559 -0.26257711 0.04333100
-0.81360610 0.57330545 -0.09629100 0.57600924 0.81744318 0.00000000 0.07871242 -0.05546451 -0.99530600 0.36612299 -0.25798763 0.04333100
-0.82076022 0.56301571 -0.09629100 0.56567097 0.82463104 0.00000000 0.07940455 -0.05446902 -0.99530600 0.36934235 -0.25335724 0.04333100
-0.82778421 0.55263671 -0.09629100 0.55524302 0.83168816 0.00000000 0.08008408 -0.05346491 -0.99530600 0.37250315 -0.24868668 0.04333100
-0.83467696 0.54217008 -0.09629100 0.54472703 0.83861341 0.00000000 0.08075092 -0.05245231 -0.99530600 0.37560489 -0.24397670 0.04333100
-0.84143738 0.53161750 -0.09629100 0.53412468 0.84540571 0.00000000 0.08140496 -0.05143140 -0.99530600 0.37864707 -0.23922804 0.04333100
-0.84806439 0.52098064 -0.09629100 0.52343765 0.85206398 0.00000000 0.08204609 -0.05040234 -0.99530600 0.38162923 -0.23444144 0.04333100
-0.85455694 0.51026117 -0.09629100 0.51266763 0.85858715 0.00000000 0.08267422 -0.04936528 -0.99530600 0.38455088 -0.22961768 0.04333100
-0.86091401 0.49946081 -0.09629100 0.50181633 0.86497420 0.00000000 0.08328923 -0.04832040 -0.99530600 0.38741157 -0.22475751 0.04333100
-0.86713459 0.48858125 -0.09629100 0.49088547 0.87122411 0.00000000 0.08389104 -0.04726785 -0.99530600 0.39021083 -0.21986171 0.04333100
-0.87321768 0.47762424 -0.09629100 0.47987678 0.87733590 0.00000000 0.08447955 -0.04620782 -0.99530600 0.39294822 -0.21493105 0.04333100
-0.87916233 0.46659150 -0.09629100 0.46879201 0.88330858 0.00000000 0.08505467 -0.04514045 -0.99530600 0.39562331 -0.20996632 0.04333100
-0.88496759 0.45548479 -0.09629100 0.45763291 0.88914122 0.00000000 0.08561630 -0.04406593 -0.99530600 0.39823568 -0.20496829 0.04333100
-0.89063255 0.44430586 -0.09629100 0.44640126 0.89483290 0.00000000 0.08616435 -0.04298442 -0.99530600 0.40078492 -0.19993777 0.04333100
-0.89615630 0.43305648 -0.09629100 0.43509884 0.90038270 0.00000000 0.08669875 -0.04189610 -0.99530600 0.40327061 -0.19487555 0.04333100
-0.90153797 0.42173845 -0.09629100 0.42372743 0.90578975 0.00000000 0.08721940 -0.04080114 -0.99530600 0.40569236 -0.18978243 0.04333100
-0.90677671 0.41035355 -0.09629100 0.41228884 0.91105319 0.00000000 0.08772622 -0.03969970 -0.99530600 0.40804979 -0.18465922 0.04333100
-0.91187168 0.39890360 -0.09629100 0.40078488 0.91617219 0.00000000 0.08821914 -0.03859198 -0.99530600 0.41034253 -0.17950674 0.04333100
-0.91682207 0.38739040 -0.09629100 0.38921739 0.92114593 0.00000000 0.08869806 -0.03747813 -0.99530600 0.41257021 -0.17432580 0.04333100
-0.92162711 0.37581578 -0.09629100 0.37758818 0.92597363 0.00000000 0.08916293 -0.03635834 -0.99530600 0.41473248 -0.16911721 0.04333100
-0.92628603 0.36418158 -0.09629100 0.36589911 0.93065452 0.00000000 0.08961365 -0.03523279 -0.99530600 0.41682899 -0.16388182 0.04333100
-0.93079809 0.35248964 -0.09629100 0.35415203 0.93518786 0.00000000 0.09005017 -0.03410165 -0.99530600 0.41885942 -0.15862044 0.04333100
-0.93516258 0.34074181 -0.09629100 0.34234879 0.93957294 0.00000000 0.09047242 -0.03296511 -0.99530600 0.42082344 -0.15333392 0.04333100
-0.93937880 0.32893996 -0.09629100 0.33049128 0.94380904 0.00000000 0.09088032 -0.03182334 -0.99530600 0.42272074 -0.14802308 0.04333100
-0.94344609 0.31708596 -0.09629100 0.31858138 0.94789551 0.00000000 0.09127381 -0.03067652 -0.99530600 0.42455103 -0.14268878 0.04333100
-0.94736380 0.30518168 -0.09629100 0.30662096 0.95183170 0.00000000 0.09165283 -0.02952484 -0.99530600 0.42631400 -0.13733185 0.04333100
-0.95113131 0.29322902 -0.09629100 0.29461193 0.95561698 0.00000000 0.09201731 -0.02836848 -0.99530600 0.42800938 -0.13195315 0.04333100
-0.95474803 0.28122987 -0.09629100 0.28255619 0.95925075 0.00000000 0.09236721 -0.02720762 -0.99530600 0.42963690 -0.12655353 0.04333100
-0.95821337 0.26918614 -0.09629100 0.27045565 0.96273243 0.00000000 0.09270247 -0.02604245 -0.99530600 0.43119630 -0.12113384 0.04333100
-0.96152679 0.25709972 -0.09629100 0.25831224 0.96606148 0.00000000 0.09302303 -0.02487314 -0.99530600 0.43268735 -0.11569495 0.04333100
-0.96468777 0.24497254 -0.09629100 0.24612787 0.96923737 0.00000000 0.09332884 -0.02369990 -0.99530600 0.43410979 -0.11023772 0.04333100
-0.96769580 0.23280653 -0.09629100 0.23390447 0.97225958 0.00000000 0.09361985 -0.02252290 -0.99530600 0.43546340 -0.10476301 0.04333100
-0.97055040 0.22060360 -0.09629100 0.22164400 0.97512765 0.00000000 0.09389602 -0.02134232 -0.99530600 0.43674797 -0.09927169 0.04333100
-0.97325113 0.20836570 -0.09629100 0.20934838 0.97784112 0.00000000 0.09415730 -0.02015836 -0.99530600 0.43796330 -0.09376463 0.04333100
-0.97579756 0.19609476 -0.09629100 0.19701957 0.98039956 0.00000000 0.09440365 -0.01897121 -0.99530600 0.43910920 -0.08824270 0.04333100
-0.97818928 0.18379273 -0.09629100 0.18465952 0.98280255 0.00000000 0.09463504 -0.01778105 -0.99530600 0.44018547 -0.08270678 0.04333100
-0.98042591 0.17146157 -0.09629100 0.17227020 0.98504973 0.00000000 0.09485142 -0.01658807 -0.99530600 0.44119196 -0.07715776 0.04333100
-0.98250710 0.15910321 -0.09629100 0.15985357 0.98714074 0.00000000 0.09505277 -0.01539246 -0.99530600 0.44212849 -0.07159649 0.04333100
-0.98443252 0.14671964 -0.09629100 0.14741159 0.98907524 0.00000000 0.09523904 -0.01419441 -0.99530600 0.44299493 -0.06602388 0.04333100
-0.98620186 0.13431280 -0.09629100 0.13494624 0.99085292 0.00000000 0.09541022 -0.01299411 -0.99530600 0.44379113 -0.06044080 0.04333100
-0.98781484 0.12188467 -0.09629100 0.12245949 0.99247351 0.00000000 0.09556627 -0.01179175 -0.99530600 0.44451698 -0.05484814 0.04333100
-0.98927121 0.10943721 -0.09629100 0.10995333 0.99393675 0.00000000 0.09570716 -0.01058752 -0.99530600 0.44517234 -0.04924678 0.04333100
-0.99057074 0.09697240 -0.09629100 0.09742974 0.99524241 0.00000000 0.09583289 -0.00938161 -0.99530600 0.44575713 -0.04363761 0.04333100
-0.99171321 0.08449222 -0.09629100 0.08489070 0.99639027 0.00000000 0.09594342 -0.00817421 -0.99530600 0.44627125 -0.03802152 0.04333100
-0.99269846 0.07199864 -0.09629100 0.07233820 0.99738016 0.00000000 0.09603873 -0.00696552 -0.99530600 0.44671461 -0.03239941 0.04333100
-0.99352632 0.05949365 -0.09629100 0.05977423 0.99821192 0.00000000 0.09611882 -0.00575572 -0.99530600 0.44708714 -0.02677216 0.04333100
-0.99419665 0.04697922 -0.09629100 0.04720078 0.99888542 0.00000000 0.09618368 -0.00454501 -0.99530600 0.44738879 -0.02114066 0.04333100
-0.99470937 0.03445735 -0.09629100 0.03461985 0.99940055 0.00000000 0.09623328 -0.00333358 -0.99530600 0.44761951 -0.01550582 0.04333100
-0.99506437 0.02193001 -0.09629100 0.02203344 0.99975723 0.00000000 0.09626762 -0.00212162 -0.99530600 0.44777927 -0.00986851 0.04333100
-0.99526162 0.00939920 -0.09629100 0.00944352 0.99995541 0.00000000 0.09628671 -0.00090933 -0.99530600 0.44786803 -0.00422964 0.04333100
-0.99530107 -0.00313311 -0.09629100 -0.00314788 0.99999505 0.00000000 0.09629052 0.00030311 -0.99530600 0.44788578 0.00140990 0.04333100
-0.99518272 -0.01566491 -0.09629100 -0.01573879 0.99987614 0.00000000 0.09627907 0.00151550 -0.99530600 0.44783252 0.00704922 0.04333100
-0.99490659 -0.02819424 -0.09629100 -0.02832721 0.99959870 0.00000000 0.09625236 0.00272765 -0.99530600 0.44770826 0.01268742 0.04333100
-0.99447272 -0.04071909 -0.09629100 -0.04091113 0.99916279 0.00000000 0.09621038 0.00393937 -0.99530600 0.44751302 0.01832360 0.04333100
-0.99388118 -0.05323749 -0.09629100 -0.05348857 0.99856846 0.00000000 0.09615316 0.00515047 -0.99530600 0.44724683 0.02395689 0.04333100
-0.99313207 -0.06574745 -0.09629100 -0.06605752 0.99781582 0.00000000 0.09608068 0.00636074 -0.99530600 0.44690973 0.02958637 0.04333100
-0.99222550 -0.07824698 -0.09629100 -0.07861600 0.99690497 0.00000000 0.09599298 0.00757001 -0.99530600 0.44650177 0.03521116 0.04333100
-0.99116162 -0.09073411 -0.09629100 -0.09116202 0.99583607 0.00000000 0.09589005 0.00877808 -0.99530600 0.44602303 0.04083038 0.04333100
-0.98994059 -0.10320685 -0.09629100 -0.10369359 0.99460929 0.00000000 0.09577192 0.00998476 -0.99530600 0.44547357 0.04644311 0.04333100
-0.98856262 -0.11566323 -0.09629100 -0.11620871 0.99322482 0.00000000 0.09563861 0.01118985 -0.99530600 0.44485348 0.05204849 0.04333100
-0.98702791 -0.12810127 -0.09629100 -0.12870541 0.99168287 0.00000000 0.09549014 0.01239317 -0.99530600 0.44416286 0.05764561 0.04333100
-0.98533672 -0.14051900 -0.09629100 -0.14118171 0.98998370 0.00000000 0.09532652 0.01359453 -0.99530600 0.44340182 0.06323359 0.04333100
-0.98348930 -0.15291446 -0.09629100 -0.15363562 0.98812757 0.00000000 0.09514779 0.01479373 -0.99530600 0.44257048 0.06881155 0.04333100
-0.98148596 -0.16528567 -0.09629100 -0.16606518 0.98611478 0.00000000 0.09495398 0.01599058 -0.99530600 0.44166898 0.07437860 0.04333100
-0.97932700 -0.17763067 -0.09629100 -0.17846840 0.98394564 0.00000000 0.09474511 0.01718490 -0.99530600 0.44069745 0.07993385 0.04333100
-0.97701278 -0.18994751 -0.09629100 -0.19084333 0.98162051 0.00000000 0.09452122 0.01837650 -0.99530600 0.43965605 0.08547644 0.04333100
-0.97454366 -0.20223424 -0.09629100 -0.20318800 0.97913974 0.00000000 0.09428234 0.01956518 -0.99530600 0.43854494 0.09100547 0.04333100
-0.97192003 -0.21448890 -0.09629100 -0.21550046 0.97650374 0.00000000 0.09402852 0.02075075 -0.99530600 0.43736431 0.09652007 0.04333100
-0.96914231 -0.22670956 -0.09629100 -0.22777875 0.97371292 0.00000000 0.09375979 0.02193304 -0.99530600 0.43611433 0.10201937 0.04333100
-0.96621093 -0.23889427 -0.09629100 -0.24002093 0.97076771 0.00000000 0.09347619 0.02311186 -0.99530600 0.43479521 0.10750249 0.04333100
-0.96312637 -0.25104111 -0.09629100 -0.25222505 0.96766860 0.00000000 0.09317778 0.02428700 -0.99530600 0.43340715 0.11296857 0.04333100
-0.95988910 -0.26314814 -0.09629100 -0.26438919 0.96441607 0.00000000 0.09286459 0.02545830 -0.99530600 0.43195039 0.11841674 0.04333100
-0.95649965 -0.27521346 -0.09629100 -0.27651140 0.96101064 0.00000000 0.09253668 0.02662556 -0.99530600 0.43042513 0.12384614 0.04333100
-0.95295856 -0.28723514 -0.09629100 -0.28858978 0.95745284 0.00000000 0.09219409 0.02778860 -0.99530600 0.42883164 0.12925590 0.04333100
-0.94926637 -0.29921128 -0.09629100 -0.30062240 0.95374324 0.00000000 0.09183689 0.02894723 -0.99530600 0.42717015 0.13464517 0.04333100
-0.94542368 -0.31113999 -0.09629100 -0.31260736 0.94988243 0.00000000 0.09146513 0.03010128 -0.99530600 0.42544094 0.14001309 0.04333100
-0.94143111 -0.32301936 -0.09629100 -0.32454276 0.94587102 0.00000000 0.09107887 0.03125055 -0.99530600 0.42364428 0.14535881 0.04333100
-0.93728927 -0.33484752 -0.09629100 -0.33642671 0.94170965 0.00000000 0.09067816 0.03239486 -0.99530600 0.42178045 0.15068148 0.04333100
-0.93299883 -0.34662259 -0.09629100 -0.34825731 0.93739898 0.00000000 0.09026309 0.03353404 -0.99530600 0.41984975 0.15598027 0.04333100
-0.92856046 -0.35834271 -0.09629100 -0.36003270 0.93293968 0.00000000 0.08983370 0.03466791 -0.99530600 0.41785249 0.16125433 0.04333100
-0.92397488 -0.37000601 -0.09629100 -0.37175101 0.92833248 0.00000000 0.08939006 0.03579628 -0.99530600 0.41578898 0.16650282 0.04333100
-0.91924281 -0.38161065 -0.09629100 -0.38341038 0.92357809 0.00000000 0.08893226 0.03691897 -0.99530600 0.41365954 0.17172491 0.04333100
-0.91436499 -0.39315479 -0.09629100 -0.39500896 0.91867727 0.00000000 0.08846035 0.03803581 -0.99530600 0.41146452 0.17691977 0.04333100
-0.90934221 -0.40463660 -0.09629100 -0.40654492 0.91363079 0.00000000 0.08797442 0.03914662 -0.99530600 0.40920427 0.18208659 0.04333100
-0.90417526 -0.41605425 -0.09629100 -0.41801642 0.90843947 0.00000000 0.08747455 0.04025122 -0.99530600 0.40687914 0.18722454 0.04333100
-0.89886495 -0.42740594 -0.09629100 -0.42942164 0.90310412 0.00000000 0.08696080 0.04134944 -0.99530600 0.40448950 0.19233280 0.04333100
-0.89341213 -0.43868986 -0.09629100 -0.44075878 0.89762559 0.00000000 0.08643327 0.04244110 -0.99530600 0.40203573 0.19741057 0.04333100
-0.88781767 -0.44990424 -0.09629100 -0.45202605 0.89200474 0.00000000 0.08589203 0.04352604 -0.99530600 0.39951822 0.20245704 0.04333100
-0.88208244 -0.46104728 -0.09629100 -0.46322164 0.88624247 0.00000000 0.08533717 0.04460408 -0.99530600 0.39693737 0.20747141 0.04333100
-0.87620737 -0.47211723 -0.09629100 -0.47434380 0.88033969 0.00000000 0.08476879 0.04567504 -0.99530600 0.39429358 0.21245289 0.04333100
-0.87019338 -0.48311232 -0.09629100 -0.48539075 0.87429733 0.00000000 0.08418696 0.04673876 -0.99530600 0.39158728 0.21740069 0.04333100
-0.86404142 -0.49403082 -0.09629100 -0.49636074 0.86811636 0.00000000 0.08359179 0.04779507 -0.99530600 0.38881890 0.22231402 0.04333100
-0.85775248 -0.50487099 -0.09629100 -0.50725204 0.86179776 0.00000000 0.08298337 0.04884381 -0.99530600 0.38598887 0.22719210 0.04333100
-0.85132754 -0.51563112 -0.09629100 -0.51806291 0.85534252 0.00000000 0.08236179 0.04988480 -0.99530600 0.38309765 0.23203416 0.04333100
-0.84476763 -0.52630950 -0.09629100 -0.52879165 0.84875167 0.00000000 0.08172715 0.05091788 -0.99530600 0.38014569 0.23683943 0.04333100
-0.83807378 -0.53690443 -0.09629100 -0.53943655 0.84202625 0.00000000 0.08107955 0.05194288 -0.99530600 0.37713345 0.24160716 0.04333100
-0.83124706 -0.54741424 -0.09629100 -0.54999593 0.83516734 0.00000000 0.08041910 0.05295966 -0.99530600 0.37406143 0.24633658 0.04333100
-0.82428855 -0.55783727 -0.09629100 -0.56046810 0.82817601 0.00000000 0.07974590 0.05396803 -0.99530600 0.37093010 0.25102694 0.04333100
-0.81719936 -0.56817184 -0.09629100 -0.57085142 0.82105338 0.00000000 0.07906005 0.05496785 -0.99530600 0.36773996 0.25567750 0.04333100
-0.80998060 -0.57841634 -0.09629100 -0.58114423 0.81380058 0.00000000 0.07836167 0.05595896 -0.99530600 0.36449151 0.26028753 0.04333100
-0.80263342 -0.58856913 -0.09629100 -0.59134491 0.80641875 0.00000000 0.07765087 0.05694119 -0.99530600 0.36118528 0.26485629 0.04333100
-0.79515899 -0.59862861 -0.09629100 -0.60145183 0.79890907 0.00000000 0.07692775 0.05791440 -0.99530600 0.35782179 0.26938306 0.04333100
-0.78755849 -0.60859318 -0.09629100 -0.61146339 0.79127273 0.00000000 0.07619244 0.05887842 -0.99530600 0.35440156 0.27386711 0.04333100
-0.77983313 -0.61846126 -0.09629100 -0.62137800 0.78351093 0.00000000 0.07544505 0.05983311 -0.99530600 0.35092514 0.27830775 0.04333100
-0.77198413 -0.62823128 -0.09629100 -0.63119411 0.77562491 0.00000000 0.07468570 0.06077831 -0.99530600 0.34739309 0.28270427 0.04333100
-0.76401273 -0.63790170 -0.09629100 -0.64091013 0.76761592 0.00000000 0.07391450 0.06171388 -0.99530600 0.34380596 0.28705596 0.04333100
-0.75592020 -0.64747099 -0.09629100 -0.65052455 0.75948523 0.00000000 0.07313159 0.06263966 -0.99530600 0.34016432 0.29136214 0.04333100
-0.74770783 -0.65693762 -0.09629100 -0.66003583 0.75123412 0.00000000 0.07233708 0.06355551 -0.99530600 0.33646875 0.29562213 0.04333100
-0.73937691 -0.66630010 -0.09629100 -0.66944246 0.74286391 0.00000000 0.07153111 0.06446128 -0.99530600 0.33271983 0.29983524 0.04333100
-0.73092877 -0.67555693 -0.09629100 -0.67874295 0.73437593 0.00000000 0.07071379 0.06535684 -0.99530600 0.32891817 0.30400082 0.04333100
-0.72236474 -0.68470667 -0.09629100 -0.68793584 0.72577151 0.00000000 0.06988526 0.06624203 -0.99530600 0.32506435 0.30811821 0.04333100
-0.71368618 -0.69374784 -0.09629100 -0.69701965 0.71705202 0.00000000 0.06904566 0.06711672 -0.99530600 0.32115900 0.31218674 0.04333100
-0.70489447 -0.70267903 -0.09629100 -0.70599296 0.70821885 0.00000000 0.06819510 0.06798077 -0.99530600 0.31720272 0.31620577 0.04333100
-0.69599101 -0.71149881 -0.09629100 -0.71485433 0.69927340 0.00000000 0.06733373 0.06883404 -0.99530600 0.31319616 0.32017468 0.04333100
-0.68697719 -0.72020578 -0.09629100 -0.72360237 0.69021707 0.00000000 0.06646169 0.06967640 -0.99530600 0.30913994 0.32409282 0.04333100
-0.67785447 -0.72879857 -0.09629100 -0.73223568 0.68105132 0.00000000 0.06557911 0.07050771 -0.99530600 0.30503471 0.32795958 0.04333100
-0.66862427 -0.73727581 -0.09629100 -0.74075291 0.67177759 0.00000000 0.06468614 0.07132784 -0.99530600 0.30088112 0.33177434 0.04333100
-0.65928806 -0.74563616 -0.09629100 -0.74915269 0.66239735 0.00000000 0.06378290 0.07213666 -0.99530600 0.29667983 0.33553650 0.04333100
-0.64984733 -0.75387830 -0.09629100 -0.75743369 0.65291210 0.00000000 0.06286956 0.07293405 -0.99530600 0.29243149 0.33924546 0.04333100
-0.64030356 -0.76200090 -0.09629100 -0.76559461 0.64332332 0.00000000 0.06194625 0.07371987 -0.99530600 0.28813680 0.34290064 0.04333100
-0.63065828 -0.77000270 -0.09629100 -0.77363414 0.63363256 0.00000000 0.06101311 0.07449401 -0.99530600 0.28379642 0.34650145 0.04333100
-0.62091302 -0.77788242 -0.09629100 -0.78155102 0.62384133 0.00000000 0.06007031 0.07525633 -0.99530600 0.27941104 0.35004732 0.04333100
-0.61106931 -0.78563881 -0.09629100 -0.78934399 0.61395119 0.00000000 0.05911797 0.07600672 -0.99530600 0.27498137 0.35353770 0.04333100
-0.60112871 -0.79327064 -0.09629100 -0.79701181 0.60396372 0.00000000 0.05815627 0.07674506 -0.99530600 0.27050810 0.35697203 0.04333100
-0.59109281 -0.80077670 -0.09629100 -0.80455327 0.59388049 0.00000000 0.05718535 0.07747124 -0.99530600 0.26599194 0.36034976 0.04333100
-0.58096320 -0.80815580 -0.09629100 -0.81196717 0.58370310 0.00000000 0.05620536 0.07818513 -0.99530600 0.26143361 0.36367035 0.04333100
-0.57074148 -0.81540677 -0.09629100 -0.81925234 0.57343317 0.00000000 0.05521645 0.07888663 -0.99530600 0.25683384 0.36693329 0.04333100
-0.56042927 -0.82252846 -0.09629100 -0.82640762 0.56307233 0.00000000 0.05421880 0.07957562 -0.99530600 0.25219334 0.37013806 0.04333100
-0.55002820 -0.82951975 -0.09629100 -0.83343188 0.55262221 0.00000000 0.05321255 0.08025199 -0.99530600 0.24751286 0.37328414 0.04333100
-0.53953993 -0.83637952 -0.09629100 -0.84032400 0.54208448 0.00000000 0.05219786 0.08091564 -0.99530600 0.24279313 0.37637103 0.04333100
-0.52896612 -0.84310668 -0.09629100 -0.84708289 0.53146080 0.00000000 0.05117489 0.08156646 -0.99530600 0.23803491 0.37939826 0.04333100
-0.51830845 -0.84970017 -0.09629100 -0.85370748 0.52075286 0.00000000 0.05014381 0.08220435 -0.99530600 0.23323896 0.38236533 0.04333100
-0.50756860 -0.85615895 -0.09629100 -0.86019672 0.50996236 0.00000000 0.04910479 0.08282920 -0.99530600 0.22840602 0.38527179 0.04333100
-0.49674827 -0.86248199 -0.09629100 -0.86654958 0.49909101 0.00000000 0.04805797 0.08344093 -0.99530600 0.22353687 0.38811716 0.04333100
-0.48584919 -0.86866829 -0.09629100 -0.87276505 0.48814053 0.00000000 0.04700354 0.08403942 -0.99530600 0.21863228 0.39090099 0.04333100
-0.47487309 -0.87471686 -0.09629100 -0.87884215 0.47711265 0.00000000 0.04594165 0.08462459 -0.99530600 0.21369303 0.39362285 0.04333100
-0.46382169 -0.88062675 -0.09629100 -0.88477991 0.46600914 0.00000000 0.04487249 0.08519634 -0.99530600 0.20871990 0.39628230 0.04333100
-0.45269675 -0.88639702 -0.09629100 -0.89057739 0.45483173 0.00000000 0.04379620 0.08575459 -0.99530600 0.20371368 0.39887893 0.04333100
-0.44150005 -0.89202676 -0.09629100 -0.89623368 0.44358222 0.00000000 0.04271298 0.08629924 -0.99530600 0.19867515 0.40141231 0.04333100
-0.43023334 -0.89751507 -0.09629100 -0.90174788 0.43226238 0.00000000 0.04162298 0.08683020 -0.99530600 0.19360513 0.40388205 0.04333100
-0.41889843 -0.90286109 -0.09629100 -0.90711910 0.42087401 0.00000000 0.04052638 0.08734741 -0.99530600 0.18850442 0.40628776 0.04333100
-0.40749709 -0.90806396 -0.09629100 -0.91234651 0.40941891 0.00000000 0.03942336 0.08785076 -0.99530600 0.18337382 0.40862905 0.04333100
-0.39603116 -0.91312286 -0.09629100 -0.91742927 0.39789889 0.00000000 0.03831408 0.08834018 -0.99530600 0.17821414 0.41090556 0.04333100
-0.38450243 -0.91803699 -0.09629100 -0.92236658 0.38631580 0.00000000 0.03719873 0.08881560 -0.99530600 0.17302621 0.41311692 0.04333100
-0.37291274 -0.92280557 -0.09629100 -0.92715765 0.37467145 0.00000000 0.03607749 0.08927694 -0.99530600 0.16781085 0.41526278 0.04333100
-0.36126393 -0.92742784 -0.09629100 -0.93180172 0.36296770 0.00000000 0.03495052 0.08972412 -0.99530600 0.16256888 0.41734281 0.04333100
-0.34955785 -0.93190308 -0.09629100 -0.93629806 0.35120641 0.00000000 0.03381802 0.09015708 -0.99530600 0.15730114 0.41935667 0.04333100
-0.33779634 -0.93623056 -0.09629100 -0.94064596 0.33938943 0.00000000 0.03268015 0.09057574 -0.99530600 0.15200845 0.42130404 0.04333100
-0.32598127 -0.94040961 -0.09629100 -0.94484472 0.32751865 0.00000000 0.03153710 0.09098004 -0.99530600 0.14669167 0.42318461 0.04333100
-0.31411453 -0.94443957 -0.09629100 -0.94889367 0.31559594 0.00000000 0.03038905 0.09136992 -0.99530600 0.14135163 0.42499809 0.04333100
-0.30219798 -0.94831979 -0.09629100 -0.95279219 0.30362319 0.00000000 0.02923618 0.09174531 -0.99530600 0.13598918 0.42674419 0.04333100
-0.29023352 -0.95204965 -0.09629100 -0.95653965 0.29160230 0.00000000 0.02807868 0.09210616 -0.99530600 0.13060517 0.42842263 0.04333100
-0.27822304 -0.95562857 -0.09629100 -0.96013545 0.27953518 0.00000000 0.02691672 0.09245240 -0.99530600 0.12520045 0.43003315 0.04333100
-0.26616846 -0.95905599 -0.09629100 -0.96357903 0.26742375 0.00000000 0.02575050 0.09278399 -0.99530600 0.11977589 0.43157548 0.04333100
-0.25407167 -0.96233135 -0.09629100 -0.96686983 0.25526991 0.00000000 0.02458019 0.09310086 -0.99530600 0.11433233 0.43304940 0.04333100
-0.24193461 -0.96545413 -0.09629100 -0.97000735 0.24307560 0.00000000 0.02340599 0.09340298 -0.99530600 0.10887065 0.43445465 0.04333100
-0.22975918 -0.96842385 -0.09629100 -0.97299107 0.23084276 0.00000000 0.02222808 0.09369028 -0.99530600 0.10339170 0.43579102 0.04333100
-0.21754733 -0.97124003 -0.09629100 -0.97582053 0.21857331 0.00000000 0.02104664 0.09396273 -0.99530600 0.09789636 0.43705831 0.04333100
-0.20530098 -0.97390222 -0.09629100 -0.97849528 0.20626921 0.00000000 0.01986187 0.09422029 -0.99530600 0.09238550 0.43825629 0.04333100
-0.19302209 -0.97641001 -0.09629100 -0.98101489 0.19393241 0.00000000 0.01867395 0.09446291 -0.99530600 0.08686000 0.43938480 0.04333100
-0.18071260 -0.97876299 -0.09629100 -0.98337897 0.18156486 0.00000000 0.01748306 0.09469054 -0.99530600 0.08132072 0.44044364 0.04333100
-0.16837445 -0.98096079 -0.09629100 -0.98558714 0.16916853 0.00000000 0.01628941 0.09490317 -0.99530600 0.07576855 0.44143265 0.04333100
-0.15600961 -0.98300307 -0.09629100 -0.98763905 0.15674537 0.00000000 0.01509317 0.09510075 -0.99530600 0.07020437 0.44235168 0.04333100
-0.14362003 -0.98488950 -0.09629100 -0.98953437 0.14429736 0.00000000 0.01389454 0.09528325 -0.99530600 0.06462906 0.44320057 0.04333100
-0.13120769 -0.98661977 -0.09629100 -0.99127281 0.13182648 0.00000000 0.01269370 0.09545065 -0.99530600 0.05904350 0.44397920 0.04333100
-0.11877454 -0.98819363 -0.09629100 -0.99285408 0.11933469 0.00000000 0.01149086 0.09560291 -0.99530600 0.05344858 0.44468743 0.04333100
-0.10632256 -0.98961081 -0.09629100 -0.99427795 0.10682399 0.00000000 0.01028619 0.09574002 -0.99530600 0.04784518 0.44532516 0.04333100
-0.09385372 -0.99087109 -0.09629100 -0.99554417 0.09429635 0.00000000 0.00907989 0.09586194 -0.99530600 0.04223420 0.44589229 0.04333100
-0.08137000 -0.99197427 -0.09629100 -0.99665256 0.08175375 0.00000000 0.00787215 0.09596867 -0.99530600 0.03661653 0.44638872 0.04333100
-0.06887339 -0.99292018 -0.09629100 -0.99760293 0.06919820 0.00000000 0.00666316 0.09606018 -0.99530600 0.03099304 0.44681438 0.04333100
-0.05636585 -0.99370867 -0.09629100 -0.99839514 0.05663168 0.00000000 0.00545312 0.09613647 -0.99530600 0.02536465 0.44716920 0.04333100
-0.04384937 -0.99433961 -0.09629100 -0.99902906 0.04405617 0.00000000 0.00424221 0.09619751 -0.99530600 0.01973223 0.44745313 0.04333100
-0.03132595 -0.99481291 -0.09629100 -0.99950458 0.03147369 0.00000000 0.00303063 0.09624330 -0.99530600 0.01409669 0.44766611 0.04333100
-0.01879756 -0.99512848 -0.09629100 -0.99982164 0.01888621 0.00000000 0.00181857 0.09627383 -0.99530600 0.00845891 0.44780811 0.04333100
-0.00626618 -0.99528627 -0.09629100 -0.99998018 0.00629574 0.00000000 0.00060622 0.09628909 -0.99530600 0.00281978 0.44787912 0.04333100
0.00626618 -0.99528627 -0.09629100 -0.99998018 -0.00629574 0.00000000 -0.00060622 0.09628909 -0.99530600 -0.00281978 0.44787912 0.04333100
0.01879756 -0.99512848 -0.09629100 -0.99982164 -0.01888621 0.00000000 -0.00181857 0.09627383 -0.99530600 -0.00845891 0.44780811 0.04333100
0.03132595 -0.99481291 -0.09629100 -0.99950458 -0.03147369 0.00000000 -0.00303063 0.09624330 -0.99530600 -0.01409669 0.44766611 0.04333100
0.04384937 -0.99433961 -0.09629100 -0.99902906 -0.04405617 0.00000000 -0.00424221 0.09619751 -0.99530600 -0.01973223 0.44745313 0.04333100
0.05636585 -0.99370867 -0.09629100 -0.99839514 -0.05663168 0.00000000 -0.00545312 0.09613647 -0.99530600 -0.02536465 0.44716920 0.04333100
0.06887339 -0.99292018 -0.09629100 -0.99760293 -0.06919820 0.00000000 -0.00666316 0.09606018 -0.99530600 -0.03099304 0.44681438 0.04333100
0.08137000 -0.99197427 -0.09629100 -0.99665256 -0.08175375 0.00000000 -0.00787215 0.09596867 -0.99530600 -0.03661653 0.44638872 0.04333100
0.09385372 -0.99087109 -0.09629100 -0.99554417 -0.09429635 0.00000000 -0.00907989 0.09586194 -0.99530600 -0.04223420 0.44589229 0.04333100
0.10632256 -0.98961081 -0.09629100 -0.99427795 -0.10682399 0.00000000 -0.01028619 0.09574002 -0.99530600 -0.04784518 0.44532516 0.04333100
0.11877454 -0.98819363 -0.09629100 -0.99285408 -0.11933469 0.00000000 -0.01149086 0.09560291 -0.99530600 -0.05344858 0.44468743 0.04333100
0.13120769 -0.98661977 -0.09629100 -0.99127281 -0.13182648 0.00000000 -0.01269370 0.09545065 -0.99530600 -0.05904350 0.44397920 0.04333100
0.14362003 -0.98488950 -0.09629100 -0.98953437 -0.14429736 0.00000000 -0.01389454 0.09528325 -0.99530600 -0.06462906 0.44320057 0.04333100
0.15600961 -0.98300307 -0.09629100 -0.98763905 -0.15674537 0.00000000 -0.01509317 0.09510075 -0.99530600 -0.07020437 0.44235168 0.04333100
0.16837445 -0.98096079 -0.09629100 -0.98558714 -0.16916853 0.00000000 -0.01628941 0.09490317 -0.99530600 -0.07576855 0.44143265 0.04333100
0.18071260 -0.97876299 -0.09629100 -0.98337897 -0.18156486 0.00000000 -0.01748306 0.09469054 -0.99530600 -0.08132072 0.44044364 0.04333100
0.19302209 -0.97641001 -0.09629100 -0.98101489 -0.19393241 0.00000000 -0.01867395 0.09446291 -0.99530600 -0.08686000 0.43938480 0.04333100
0.20530098 -0.97390222 -0.09629100 -0.97849528 -0.20626921 0.00000000 -0.01986187 0.09422029 -0.99530600 -0.09238550 0.43825629 0.04333100
0.21754733 -0.97124003 -0.09629100 -0.97582053 -0.21857331 0.00000000 -0.02104664 0.09396273 -0.99530600 -0.09789636 0.43705831 0.04333100
0.22975918 -0.96842385 -0.09629100 -0.97299107 -0.23084276 0.00000000 -0.02222808 0.09369028 -0.99530600 -0.10339170 0.43579102 0.04333100
0.24193461 -0.96545413 -0.09629100 -0.97000735 -0.24307560 0.00000000 -0.02340599 0.09340298 -0.99530600 -0.10887065 0.43445465 0.04333100
0.25407167 -0.96233135 -0.09629100 -0.96686983 -0.25526991 0.00000000 -0.02458019 0.09310086 -0.99530600 -0.11433233 0.43304940 0.04333100
0.26616846 -0.95905599 -0.09629100 -0.96357903 -0.26742375 0.00000000 -0.02575050 0.09278399 -0.99530600 -0.11977589 0.43157548 0.04333100
0.27822304 -0.95562857 -0.09629100 -0.96013545 -0.27953518 0.00000000 -0.02691672 0.09245240 -0.99530600 -0.12520045 0.43003315 0.04333100
0.29023352 -0.95204965 -0.09629100 -0.95653965 -0.29160230 0.00000000 -0.02807868 0.09210616 -0.99530600 -0.13060517 0.42842263 0.04333100
0.30219798 -0.94831979 -0.09629100 -0.95279219 -0.30362319 0.00000000 -0.02923618 0.09174531 -0.99530600 -0.13598918 0.42674419 0.04333100
0.31411453 -0.94443957 -0.09629100 -0.94889367 -0.31559594 0.00000000 -0.03038905 0.09136992 -0.99530600 -0.14135163 0.42499809 0.04333100
0.32598127 -0.94040961 -0.09629100 -0.94484472 -0.32751865 0.00000000 -0.03153710 0.09098004 -0.99530600 -0.14669167 0.42318461 0.04333100
0.33779634 -0.93623056 -0.09629100 -0.94064596 -0.33938943 0.00000000 -0.03268015 0.09057574 -0.99530600 -0.15200845 0.42130404 0.04333100
0.34955785 -0.93190308 -0.09629100 -0.93629806 -0.35120641 0.00000000 -0.03381802 0.09015708 -0.99530600 -0.15730114 0.41935667 0.04333100
0.36126393 -0.92742784 -0.09629100 -0.93180172 -0.36296770 0.00000000 -0.03495052 0.08972412 -0.99530600 -0.16256888 0.41734281 0.04333100
0.37291274 -0.92280557 -0.09629100 -0.92715765 -0.37467145 0.00000000 -0.03607749 0.08927694 -0.99530600 -0.16781085 0.41526278 0.04333100
0.38450243 -0.91803699 -0.09629100 -0.92236658 -0.38631580 0.00000000 -0.03719873 0.08881560 -0.99530600 -0.17302621 0.41311692 0.04333100
0.39603116 -0.91312286 -0.09629100 -0.91742927 -0.39789889 0.00000000 -0.03831408 0.08834018 -0.99530600 -0.17821414 0.41090556 0.04333100
0.40749709 -0.90806396 -0.09629100 -0.91234651 -0.40941891 0.00000000 -0.03942336 0.08785076 -0.99530600 -0.18337382 0.40862905 0.04333100
0.41889843 -0.90286109 -0.09629100 -0.90711910 -0.42087401 0.00000000 -0.04052638 0.08734741 -0.99530600 -0.18850442 0.40628776 0.04333100
0.43023334 -0.89751507 -0.09629100 -0.90174788 -0.43226238 0.00000000 -0.04162298 0.08683020 -0.99530600 -0.19360513 0.40388205 0.04333100
0.44150005 -0.89202676 -0.09629100 -0.89623368 -0.44358222 0.00000000 -0.04271298 0.08629924 -0.99530600 -0.19867515 0.40141231 0.04333100
0.45269675 -0.88639702 -0.09629100 -0.89057739 -0.45483173 0.00000000 -0.04379620 0.08575459 -0.99530600 -0.20371368 0.39887893 0.04333100
0.46382169 -0.88062675 -0.09629100 -0.88477991 -0.46600914 0.00000000 -0.04487249 0.08519634 -0.99530600 -0.20871990 0.39628230 0.04333100
0.47487309 -0.87471686 -0.09629100 -0.87884215 -0.47711265 0.00000000 -0.04594165 0.08462459 -0.99530600 -0.21369303 0.39362285 0.04333100
0.48584919 -0.86866829 -0.09629100 -0.87276505 -0.48814053 0.00000000 -0.04700354 0.08403942 -0.99530600 -0.21863228 0.39090099 0.04333100
